PPG GREEN,time
2069207.0,1567412145.282
2070285.0,1567412145.322
2071326.0,1567412145.362
2072102.0,1567412145.402
2073376.0,1567412145.442
2074253.0,1567412145.482
2075279.0,1567412145.522
2074076.0,1567412145.562
2072500.0,1567412145.602
2071692.0,1567412145.642
2070883.0,1567412145.682
2070633.0,1567412145.722
2070544.0,1567412145.762
2070750.0,1567412145.802
2070704.0,1567412145.842
2070926.0,1567412145.882
2071003.0,1567412145.922
2071570.0,1567412145.962
2072570.0,1567412146.002
2073205.0,1567412146.042
2074146.0,1567412146.082
2075173.0,1567412146.122
2076208.0,1567412146.162
2077236.0,1567412146.202
2078593.0,1567412146.242
2078098.0,1567412146.282
2076437.0,1567412146.322
2075470.0,1567412146.362
2074453.0,1567412146.402
2073936.0,1567412146.442
2073245.0,1567412146.482
2073122.0,1567412146.522
2073000.0,1567412146.562
2072753.0,1567412146.602
2072630.0,1567412146.642
2072895.0,1567412146.682
2073654.0,1567412146.722
2073898.0,1567412146.762
2074546.0,1567412146.802
2075487.0,1567412146.842
2076789.0,1567412146.882
2077673.0,1567412146.922
2079311.0,1567412146.962
2080583.0,1567412147.002
2081668.0,1567412147.042
2082706.0,1567412147.082
2083715.0,1567412147.122
2084859.0,1567412147.162
2086234.0,1567412147.202
2087643.0,1567412147.242
2088780.0,1567412147.282
2090827.0,1567412147.322
2092903.0,1567412147.362
2095062.0,1567412147.402
2097329.0,1567412147.442
2099378.0,1567412147.482
2101342.0,1567412147.522
2103398.0,1567412147.562
2105749.0,1567412147.602
2107492.0,1567412147.642
2109415.0,1567412147.682
2111249.0,1567412147.722
2112698.0,1567412147.762
2113553.0,1567412147.802
2114551.0,1567412147.842
2115580.0,1567412147.882
2116832.0,1567412147.922
2118230.0,1567412147.962
2119443.0,1567412148.002
2120902.0,1567412148.042
2122046.0,1567412148.082
2123096.0,1567412148.122
2124558.0,1567412148.162
2125550.0,1567412148.202
2126115.0,1567412148.242
2126766.0,1567412148.282
2127502.0,1567412148.322
2128872.0,1567412148.362
2128853.0,1567412148.402
2129354.0,1567412148.442
2130166.0,1567412148.482
2129328.0,1567412148.522
2128771.0,1567412148.562
2128984.0,1567412148.602
2129110.0,1567412148.642
2129671.0,1567412148.682
2129968.0,1567412148.722
2131110.0,1567412148.762
2134491.0,1567412148.802
2135872.0,1567412148.842
2137471.0,1567412148.882
2138602.0,1567412148.922
2139299.0,1567412148.962
2139431.0,1567412149.002
2139953.0,1567412149.042
2140715.0,1567412149.082
2141435.0,1567412149.122
2141765.0,1567412149.162
2141439.0,1567412149.202
2140882.0,1567412149.242
2139960.0,1567412149.33
2139519.0,1567412149.369
2138878.0,1567412149.41
2138787.0,1567412149.45
2138779.0,1567412149.49
2138761.0,1567412149.53
2138302.0,1567412149.571
2138554.0,1567412149.61
2138577.0,1567412149.65
2138941.0,1567412149.692
2139700.0,1567412149.73
2140106.0,1567412149.77
2140532.0,1567412149.812
2141259.0,1567412149.846
2142181.0,1567412149.888
2142648.0,1567412149.922
2143075.0,1567412149.959
2142512.0,1567412149.999
2141827.0,1567412150.041
2141682.0,1567412150.081
2141613.0,1567412150.12
2141641.0,1567412150.162
2141858.0,1567412150.201
2142398.0,1567412150.241
2142490.0,1567412150.281
2142863.0,1567412150.318
2142863.0,1567412150.354
2143369.0,1567412150.395
2144149.0,1567412150.434
2145054.0,1567412150.475
2146501.0,1567412150.515
2147522.0,1567412150.554
2147928.0,1567412150.594
2148919.0,1567412150.635
2150108.0,1567412150.675
2151148.0,1567412150.714
2151680.0,1567412150.756
2151496.0,1567412150.795
2150925.0,1567412150.835
2150566.0,1567412150.877
2150610.0,1567412150.915
2150613.0,1567412150.955
2150300.0,1567412150.996
2149849.0,1567412151.033
2150193.0,1567412151.071
2150569.0,1567412151.105
2151001.0,1567412151.145
2151505.0,1567412151.181
2152258.0,1567412151.22
2152858.0,1567412151.26
2153522.0,1567412151.299
2154034.0,1567412151.341
2154984.0,1567412151.38
2156514.0,1567412151.42
2157511.0,1567412151.462
2156735.0,1567412151.501
2155461.0,1567412151.541
2154302.0,1567412151.58
2153489.0,1567412151.619
2152752.0,1567412151.66
2152828.0,1567412151.701
2152813.0,1567412151.74
2152642.0,1567412151.78
2152955.0,1567412151.821
2153056.0,1567412151.861
2153708.0,1567412151.901
2154203.0,1567412151.94
2154979.0,1567412151.979
2155966.0,1567412152.02
2156848.0,1567412152.062
2157620.0,1567412152.096
2158154.0,1567412152.136
2158586.0,1567412152.177
2158823.0,1567412152.216
2157815.0,1567412152.257
2156550.0,1567412152.298
2155639.0,1567412152.337
2155554.0,1567412152.377
2155883.0,1567412152.418
2155864.0,1567412152.458
2154979.0,1567412152.497
2155164.0,1567412152.538
2154321.0,1567412152.577
2154085.0,1567412152.617
2154093.0,1567412152.659
2154554.0,1567412152.698
2154587.0,1567412152.738
2155099.0,1567412152.779
2155358.0,1567412152.819
2155472.0,1567412152.86
2155352.0,1567412152.901
2155379.0,1567412152.94
2154584.0,1567412152.98
2152870.0,1567412153.021
2151752.0,1567412153.061
2151000.0,1567412153.101
2150382.0,1567412153.142
2149753.0,1567412153.181
2149547.0,1567412153.221
2149380.0,1567412153.263
2149760.0,1567412153.3
2149748.0,1567412153.34
2150252.0,1567412153.381
2150832.0,1567412153.418
2151508.0,1567412153.459
2151995.0,1567412153.5
2152874.0,1567412153.539
2153815.0,1567412153.579
2154266.0,1567412153.62
2155114.0,1567412153.659
2154985.0,1567412153.699
2154554.0,1567412153.74
2154059.0,1567412153.779
2153644.0,1567412153.819
2153483.0,1567412153.861
2153286.0,1567412153.899
2153540.0,1567412153.939
2153474.0,1567412153.98
2153402.0,1567412154.019
2153900.0,1567412154.06
2154154.0,1567412154.102
2154646.0,1567412154.141
2155070.0,1567412154.18
2155749.0,1567412154.222
2156138.0,1567412154.262
2156767.0,1567412154.301
2157501.0,1567412154.344
2157842.0,1567412154.382
2158583.0,1567412154.422
2158198.0,1567412154.464
2157566.0,1567412154.502
2156787.0,1567412154.541
2156360.0,1567412154.582
2156171.0,1567412154.617
2155817.0,1567412154.658
2155971.0,1567412154.698
2155970.0,1567412154.737
2155991.0,1567412154.778
2156388.0,1567412154.819
2156623.0,1567412154.858
2157204.0,1567412154.898
2157758.0,1567412154.939
2158711.0,1567412154.978
2159320.0,1567412155.018
2159847.0,1567412155.06
2160875.0,1567412155.098
2161964.0,1567412155.138
2162930.0,1567412155.179
2162874.0,1567412155.219
2162583.0,1567412155.259
2163281.0,1567412155.3
2163569.0,1567412155.339
2164531.0,1567412155.379
2165071.0,1567412155.422
2165415.0,1567412155.462
2166231.0,1567412155.502
2166650.0,1567412155.542
2167415.0,1567412155.581
2168145.0,1567412155.621
2169293.0,1567412155.663
2170415.0,1567412155.702
2171529.0,1567412155.742
2172846.0,1567412155.784
2174211.0,1567412155.823
2174498.0,1567412155.864
2173681.0,1567412155.902
2175973.0,1567412155.941
2176790.0,1567412155.982
2177455.0,1567412156.023
2177464.0,1567412156.063
2176411.0,1567412156.103
2175816.0,1567412156.144
2175772.0,1567412156.178
2174830.0,1567412156.218
2174386.0,1567412156.26
2174351.0,1567412156.298
2173832.0,1567412156.338
2173679.0,1567412156.379
2173709.0,1567412156.419
2173555.0,1567412156.461
2174102.0,1567412156.5
2174230.0,1567412156.539
2174320.0,1567412156.579
2174782.0,1567412156.62
2174999.0,1567412156.66
2174227.0,1567412156.699
2173568.0,1567412156.741
2173128.0,1567412156.78
2172473.0,1567412156.82
2172171.0,1567412156.861
2172182.0,1567412156.9
2171904.0,1567412156.94
2172090.0,1567412156.981
2171968.0,1567412157.02
2172449.0,1567412157.062
2172552.0,1567412157.103
2172654.0,1567412157.142
2173401.0,1567412157.182
2174010.0,1567412157.223
2174180.0,1567412157.263
2174952.0,1567412157.303
2175348.0,1567412157.344
2175811.0,1567412157.378
2176081.0,1567412157.418
2175318.0,1567412157.46
2174793.0,1567412157.499
2174536.0,1567412157.539
2174637.0,1567412157.58
2174742.0,1567412157.619
2175432.0,1567412157.66
2176053.0,1567412157.7
2176722.0,1567412157.739
2177492.0,1567412157.779
2178753.0,1567412157.82
2180247.0,1567412157.86
2181673.0,1567412157.9
2182775.0,1567412157.941
2184567.0,1567412157.98
2186057.0,1567412158.02
2187427.0,1567412158.062
2188908.0,1567412158.101
2189199.0,1567412158.141
2189158.0,1567412158.183
2188899.0,1567412158.222
2188398.0,1567412158.264
2188217.0,1567412158.304
2188478.0,1567412158.343
2188198.0,1567412158.383
2188209.0,1567412158.424
2188806.0,1567412158.464
2188989.0,1567412158.504
2189100.0,1567412158.545
2189379.0,1567412158.584
2189873.0,1567412158.622
2190503.0,1567412158.664
2191100.0,1567412158.702
2191856.0,1567412158.742
2192514.0,1567412158.783
2192989.0,1567412158.822
2193718.0,1567412158.863
2193442.0,1567412158.904
2192416.0,1567412158.943
2192060.0,1567412158.983
2191828.0,1567412159.024
2191496.0,1567412159.064
2191657.0,1567412159.103
2191527.0,1567412159.144
2191677.0,1567412159.183
2191757.0,1567412159.223
2192060.0,1567412159.265
2192542.0,1567412159.303
2192905.0,1567412159.343
2193402.0,1567412159.385
2194080.0,1567412159.424
2195004.0,1567412159.465
2195346.0,1567412159.505
2196283.0,1567412159.545
2196902.0,1567412159.585
2197019.0,1567412159.624
2196610.0,1567412159.664
2195843.0,1567412159.704
2195177.0,1567412159.745
2194644.0,1567412159.784
2194202.0,1567412159.825
2194002.0,1567412159.867
2193739.0,1567412159.905
2193529.0,1567412159.945
2192979.0,1567412159.984
2192840.0,1567412160.024
2192290.0,1567412160.065
2192238.0,1567412160.105
2192402.0,1567412160.144
2192911.0,1567412160.184
2193299.0,1567412160.226
2194021.0,1567412160.265
2194425.0,1567412160.305
2194989.0,1567412160.346
2195220.0,1567412160.385
2194424.0,1567412160.425
2193376.0,1567412160.467
2192367.0,1567412160.505
2190973.0,1567412160.545
2190016.0,1567412160.586
2188945.0,1567412160.625
2187770.0,1567412160.666
2187098.0,1567412160.707
2186194.0,1567412160.746
2185391.0,1567412160.786
2185201.0,1567412160.827
2184743.0,1567412160.867
2184313.0,1567412160.904
2184332.0,1567412160.945
2184590.0,1567412160.984
2185396.0,1567412161.025
2186269.0,1567412161.067
2187490.0,1567412161.105
2188233.0,1567412161.145
2188336.0,1567412161.187
2188475.0,1567412161.226
2188438.0,1567412161.265
2188767.0,1567412161.304
2188778.0,1567412161.343
2189022.0,1567412161.382
2189816.0,1567412161.421
2189901.0,1567412161.46
2190145.0,1567412161.499
2190432.0,1567412161.538
2190804.0,1567412161.577
2191328.0,1567412161.616
2191708.0,1567412161.655
2192447.0,1567412161.694
2193176.0,1567412161.733
2193816.0,1567412161.772
2194779.0,1567412161.811
2195159.0,1567412161.85
2195248.0,1567412161.889
2194451.0,1567412161.928
2194043.0,1567412161.967
2194391.0,1567412162.006
2194272.0,1567412162.045
2194308.0,1567412162.084
2194600.0,1567412162.123
2194440.0,1567412162.162
2194969.0,1567412162.24
2194805.0,1567412162.279
2195143.0,1567412162.318
2194751.0,1567412162.201
2195687.0,1567412162.357
2195569.0,1567412162.396
2195542.0,1567412162.435
2196724.0,1567412162.474
2197328.0,1567412162.513
2197144.0,1567412162.552
2196112.0,1567412162.591
2195597.0,1567412162.63
2194749.0,1567412162.786
2194518.0,1567412162.708
2194490.0,1567412162.747
2194908.0,1567412162.825
2195274.0,1567412162.669
2194205.0,1567412162.864
2195347.0,1567412162.903
2196182.0,1567412162.942
2202393.0,1567412163.02
2205729.0,1567412163.059
2207981.0,1567412163.098
2209118.0,1567412163.137
2199303.0,1567412162.981
2208921.0,1567412163.176
2206776.0,1567412163.215
2204617.0,1567412163.254
2192813.0,1567412163.449
2196444.0,1567412163.371
2201407.0,1567412163.293
2194696.0,1567412163.41
2188285.0,1567412163.566
2198429.0,1567412163.332
2189564.0,1567412163.527
2191037.0,1567412163.488
2187343.0,1567412163.605
2186923.0,1567412163.644
2186559.0,1567412163.683
2186245.0,1567412163.722
2186211.0,1567412163.761
2186176.0,1567412163.8
2185819.0,1567412163.839
2164566.0,1567412164.463
2164638.0,1567412164.307
2167925.0,1567412164.19
2164655.0,1567412164.424
2164270.0,1567412164.346
2164349.0,1567412164.385
2171518.0,1567412164.112
2169734.0,1567412164.151
2178772.0,1567412163.995
2173671.0,1567412164.073
2183513.0,1567412163.917
2181298.0,1567412163.956
2165406.0,1567412164.268
2175867.0,1567412164.034
2166155.0,1567412164.229
2185402.0,1567412163.878
2165163.0,1567412164.502
2165256.0,1567412164.541
2165701.0,1567412164.58
2165214.0,1567412164.619
2163783.0,1567412164.658
2162169.0,1567412164.697
2162169.0,1567412164.736
2160631.0,1567412164.775
2159365.0,1567412164.814
2158495.0,1567412164.892
2158047.0,1567412164.931
2157811.0,1567412164.97
2157751.0,1567412165.009
2157909.0,1567412165.048
2158237.0,1567412165.087
2158560.0,1567412164.853
2159112.0,1567412165.126
2159488.0,1567412165.165
2160376.0,1567412165.204
2160495.0,1567412165.243
2162220.0,1567412165.282
2161316.0,1567412165.321
2162782.0,1567412165.36
2163584.0,1567412165.399
2163741.0,1567412165.438
2160739.0,1567412165.555
2163111.0,1567412165.477
2161872.0,1567412165.516
2159807.0,1567412165.594
2158989.0,1567412165.633
2158189.0,1567412165.672
2156631.0,1567412165.75
2156404.0,1567412165.789
2156373.0,1567412165.828
2156114.0,1567412165.867
2157180.0,1567412165.711
2156230.0,1567412165.906
2156358.0,1567412165.945
2156780.0,1567412165.984
2156937.0,1567412166.023
2156815.0,1567412166.062
2155546.0,1567412166.101
2154185.0,1567412166.14
2152634.0,1567412166.179
2151338.0,1567412166.218
2150178.0,1567412166.257
2149224.0,1567412166.335
2148717.0,1567412166.374
2149823.0,1567412166.296
2148347.0,1567412166.413
2147879.0,1567412166.452
2147649.0,1567412166.491
2147772.0,1567412166.531
2147698.0,1567412166.571
2147903.0,1567412166.611
2148234.0,1567412166.651
2148537.0,1567412166.691
2148896.0,1567412166.731
2149341.0,1567412166.771
2148782.0,1567412166.811
2147607.0,1567412166.851
2146153.0,1567412166.891
2145363.0,1567412166.931
2144684.0,1567412166.971
2144105.0,1567412167.011
2143926.0,1567412167.051
2143729.0,1567412167.091
2143836.0,1567412167.131
2144869.0,1567412167.171
2145231.0,1567412167.211
2146408.0,1567412167.251
2147560.0,1567412167.291
2149075.0,1567412167.331
2151949.0,1567412167.411
2150262.0,1567412167.371
2153348.0,1567412167.451
2154856.0,1567412167.491
2156340.0,1567412167.531
2156929.0,1567412167.571
2155970.0,1567412167.611
2154853.0,1567412167.651
2153678.0,1567412167.691
2152942.0,1567412167.731
2153428.0,1567412167.771
2153481.0,1567412167.811
2154549.0,1567412167.851
2157304.0,1567412167.891
2159452.0,1567412167.931
2163464.0,1567412168.011
2161784.0,1567412167.971
2164330.0,1567412168.051
2165553.0,1567412168.091
2166126.0,1567412168.131
2165654.0,1567412168.171
2164955.0,1567412168.211
2163345.0,1567412168.251
2160584.0,1567412168.291
2158562.0,1567412168.331
2156264.0,1567412168.371
2153973.0,1567412168.411
2152578.0,1567412168.451
2151263.0,1567412168.491
2149978.0,1567412168.531
2148945.0,1567412168.571
2147864.0,1567412168.611
2147398.0,1567412168.651
2147024.0,1567412168.691
2148058.0,1567412168.731
2148610.0,1567412168.771
2149161.0,1567412168.811
2149569.0,1567412168.851
2150070.0,1567412168.891
2150028.0,1567412168.931
2148593.0,1567412168.971
2145989.0,1567412169.011
2143134.0,1567412169.051
2139779.0,1567412169.091
2137215.0,1567412169.131
2135061.0,1567412169.171
2133264.0,1567412169.211
2131626.0,1567412169.251
2129791.0,1567412169.291
2128145.0,1567412169.331
2127120.0,1567412169.371
2126308.0,1567412169.411
2125674.0,1567412169.451
2125530.0,1567412169.491
2125491.0,1567412169.531
2125609.0,1567412169.571
2125600.0,1567412169.611
2126151.0,1567412169.651
2126262.0,1567412169.691
2124899.0,1567412169.731
2123148.0,1567412169.771
2121434.0,1567412169.811
2120068.0,1567412169.851
2118763.0,1567412169.891
2118087.0,1567412169.931
2118242.0,1567412169.971
2117736.0,1567412170.011
2117125.0,1567412170.051
2116834.0,1567412170.091
2116642.0,1567412170.131
2116504.0,1567412170.171
2116893.0,1567412170.211
2117612.0,1567412170.251
2118024.0,1567412170.291
2119076.0,1567412170.331
2119406.0,1567412170.371
2120551.0,1567412170.411
2119960.0,1567412170.451
2122780.0,1567412170.491
2124910.0,1567412170.531
2126151.0,1567412170.571
2125192.0,1567412170.611
2124100.0,1567412170.651
2123299.0,1567412170.691
2121840.0,1567412170.731
2121037.0,1567412170.771
2119526.0,1567412170.811
2118413.0,1567412170.851
2117585.0,1567412170.891
2116733.0,1567412170.931
2116102.0,1567412170.971
2115566.0,1567412171.011
2115566.0,1567412171.051
2115101.0,1567412171.091
2114926.0,1567412171.131
2114777.0,1567412171.171
2113686.0,1567412171.211
2111416.0,1567412171.251
2109211.0,1567412171.291
2107279.0,1567412171.331
2105590.0,1567412171.371
2104416.0,1567412171.411
2103405.0,1567412171.451
2102232.0,1567412171.491
2101030.0,1567412171.531
2100259.0,1567412171.571
2099545.0,1567412171.611
2099165.0,1567412171.651
2098912.0,1567412171.691
2098564.0,1567412171.731
2098242.0,1567412171.771
2098456.0,1567412171.811
2098814.0,1567412171.851
2098778.0,1567412171.891
2098585.0,1567412171.931
2096991.0,1567412171.971
2094852.0,1567412172.011
2093014.0,1567412172.051
2091128.0,1567412172.091
2089673.0,1567412172.131
2089356.0,1567412172.171
2090274.0,1567412172.211
2091229.0,1567412172.251
2092605.0,1567412172.291
2093996.0,1567412172.331
2095594.0,1567412172.371
2097713.0,1567412172.411
2100022.0,1567412172.451
2102290.0,1567412172.491
2104876.0,1567412172.531
2106903.0,1567412172.571
2109312.0,1567412172.611
2112770.0,1567412172.651
2115236.0,1567412172.691
2115360.0,1567412172.731
2115450.0,1567412172.771
2115376.0,1567412172.811
2116145.0,1567412172.851
2116899.0,1567412172.891
2119870.0,1567412172.931
2120153.0,1567412172.971
2122998.0,1567412173.011
2125028.0,1567412173.051
2126255.0,1567412173.091
2126036.0,1567412173.131
2125956.0,1567412173.225
2125591.0,1567412173.264
2125634.0,1567412173.304
2125859.0,1567412173.346
2125713.0,1567412173.386
2124659.0,1567412173.425
2123933.0,1567412173.466
2122454.0,1567412173.505
2120140.0,1567412173.545
2117331.0,1567412173.587
2114940.0,1567412173.625
2112190.0,1567412173.665
2109343.0,1567412173.707
2106895.0,1567412173.746
2104898.0,1567412173.787
2103425.0,1567412173.827
2101662.0,1567412173.866
2100089.0,1567412173.906
2098734.0,1567412173.947
2097566.0,1567412173.987
2096996.0,1567412174.026
2096271.0,1567412174.068
2095133.0,1567412174.107
2094489.0,1567412174.147
2093944.0,1567412174.189
2093358.0,1567412174.227
2092509.0,1567412174.268
2089886.0,1567412174.308
2087740.0,1567412174.347
2085452.0,1567412174.388
2083409.0,1567412174.428
2081880.0,1567412174.467
2080776.0,1567412174.507
2079740.0,1567412174.548
2078495.0,1567412174.588
2077394.0,1567412174.627
2077273.0,1567412174.668
2078482.0,1567412174.708
2079429.0,1567412174.748
2081580.0,1567412174.79
2084535.0,1567412174.828
2087201.0,1567412174.868
2089804.0,1567412174.909
2093079.0,1567412174.948
2095805.0,1567412174.989
2097160.0,1567412175.029
2098175.0,1567412175.068
2099180.0,1567412175.108
2100066.0,1567412175.149
2101236.0,1567412175.189
2102631.0,1567412175.228
2103931.0,1567412175.27
2105558.0,1567412175.309
2106977.0,1567412175.349
2108608.0,1567412175.391
2110460.0,1567412175.429
2112220.0,1567412175.469
2114052.0,1567412175.51
2117705.0,1567412175.549
2119719.0,1567412175.59
2121228.0,1567412175.63
2123834.0,1567412175.669
2126958.0,1567412175.71
2128415.0,1567412175.751
2128123.0,1567412175.791
2124531.0,1567412175.83
2120334.0,1567412175.871
2116494.0,1567412175.91
2113268.0,1567412175.95
2110544.0,1567412175.992
2107759.0,1567412176.03
2105769.0,1567412176.07
2103612.0,1567412176.111
2102293.0,1567412176.15
2101043.0,1567412176.191
2100337.0,1567412176.232
2100084.0,1567412176.271
2099320.0,1567412176.311
2098564.0,1567412176.352
2098126.0,1567412176.392
2097813.0,1567412176.431
2096092.0,1567412176.472
2093574.0,1567412176.511
2091344.0,1567412176.551
2089188.0,1567412176.593
2087267.0,1567412176.631
2085626.0,1567412176.671
2084407.0,1567412176.712
2083022.0,1567412176.751
2081614.0,1567412176.792
2080645.0,1567412176.833
2079736.0,1567412176.872
2079401.0,1567412176.912
2078848.0,1567412176.953
2078396.0,1567412176.993
2078271.0,1567412177.032
2077960.0,1567412177.073
2078052.0,1567412177.112
2077947.0,1567412177.152
2077654.0,1567412177.194
2076743.0,1567412177.232
2076638.0,1567412177.272
2078130.0,1567412177.314
2079421.0,1567412177.353
2081782.0,1567412177.394
2085211.0,1567412177.434
2088789.0,1567412177.473
2092022.0,1567412177.513
2096092.0,1567412177.554
2099723.0,1567412177.594
2102981.0,1567412177.633
2105825.0,1567412177.674
2108277.0,1567412177.713
2110713.0,1567412177.753
2114303.0,1567412177.796
2117225.0,1567412177.834
2119542.0,1567412177.874
2120831.0,1567412177.915
2120635.0,1567412177.954
2121155.0,1567412177.995
2119586.0,1567412178.035
2121567.0,1567412178.074
2124222.0,1567412178.114
2126347.0,1567412178.155
2127012.0,1567412178.195
2127371.0,1567412178.234
2127379.0,1567412178.275
2127006.0,1567412178.315
2127851.0,1567412178.355
2127279.0,1567412178.396
2126556.0,1567412178.435
2124549.0,1567412178.475
2122032.0,1567412178.516
2120776.0,1567412178.555
2119176.0,1567412178.596
2117119.0,1567412178.636
2113924.0,1567412178.675
2109774.0,1567412178.715
2106267.0,1567412178.756
2103012.0,1567412178.796
2100231.0,1567412178.836
2097858.0,1567412178.877
2095301.0,1567412178.916
2092604.0,1567412178.956
2090001.0,1567412178.997
2087722.0,1567412179.036
2085528.0,1567412179.076
2083527.0,1567412179.117
2082350.0,1567412179.156
2080859.0,1567412179.197
2079366.0,1567412179.237
2078194.0,1567412179.277
2077116.0,1567412179.317
2075884.0,1567412179.358
2074203.0,1567412179.397
2070833.0,1567412179.437
2067389.0,1567412179.478
2064453.0,1567412179.517
2061302.0,1567412179.557
2058884.0,1567412179.599
2056851.0,1567412179.637
2054433.0,1567412179.677
2053185.0,1567412179.719
2051366.0,1567412179.757
2050333.0,1567412179.798
2050800.0,1567412179.839
2050950.0,1567412179.878
2052277.0,1567412179.918
2054209.0,1567412179.959
2054967.0,1567412179.999
2055231.0,1567412180.038
2055054.0,1567412180.079
2054535.0,1567412180.118
2053033.0,1567412180.158
2050054.0,1567412180.2
2048087.0,1567412180.238
2045514.0,1567412180.279
2042986.0,1567412180.32
2041497.0,1567412180.359
2041458.0,1567412180.399
2041569.0,1567412180.44
2040215.0,1567412180.479
2041786.0,1567412180.519
2043573.0,1567412180.56
2046071.0,1567412180.6
2048414.0,1567412180.639
2048315.0,1567412180.68
2046688.0,1567412180.719
2045343.0,1567412180.759
2041543.0,1567412180.84
2043745.0,1567412180.801
2039557.0,1567412180.88
2036128.0,1567412180.921
2032352.0,1567412180.96
2028834.0,1567412181.001
2025483.0,1567412181.041
2023049.0,1567412181.08
2020829.0,1567412181.12
2018427.0,1567412181.161
2016424.0,1567412181.201
2014108.0,1567412181.24
2011755.0,1567412181.282
2009717.0,1567412181.315
2007789.0,1567412181.352
2006406.0,1567412181.394
2005106.0,1567412181.432
2003695.0,1567412181.473
2002669.0,1567412181.514
2001845.0,1567412181.553
2000983.0,1567412181.594
1998742.0,1567412181.635
1993918.0,1567412181.674
1989710.0,1567412181.712
1986057.0,1567412181.753
1982606.0,1567412181.793
1979867.0,1567412181.833
1977638.0,1567412181.871
1975450.0,1567412181.91
1973184.0,1567412181.95
1971373.0,1567412181.992
1969751.0,1567412182.03
1968653.0,1567412182.071
1968127.0,1567412182.112
1968098.0,1567412182.151
1968918.0,1567412182.192
1969702.0,1567412182.232
1969985.0,1567412182.271
1970590.0,1567412182.311
1970740.0,1567412182.352
1969150.0,1567412182.392
1965929.0,1567412182.431
1962586.0,1567412182.472
1959127.0,1567412182.511
1956451.0,1567412182.552
1954586.0,1567412182.595
1953299.0,1567412182.633
1951410.0,1567412182.673
1949427.0,1567412182.714
1947366.0,1567412182.753
1945348.0,1567412182.794
1944589.0,1567412182.835
1946449.0,1567412182.874
1948974.0,1567412182.914
1951123.0,1567412182.953
1952403.0,1567412182.993
1952390.0,1567412183.032
1952058.0,1567412183.073
1953547.0,1567412183.112
1955154.0,1567412183.152
1953392.0,1567412183.194
1951281.0,1567412183.232
1948657.0,1567412183.272
1946296.0,1567412183.314
1945252.0,1567412183.353
1944886.0,1567412183.393
1945643.0,1567412183.434
1946903.0,1567412183.473
1947918.0,1567412183.513
1949039.0,1567412183.554
1949212.0,1567412183.594
1948164.0,1567412183.633
1946653.0,1567412183.675
1946678.0,1567412183.714
1947906.0,1567412183.754
1949264.0,1567412183.796
1950198.0,1567412183.835
1951167.0,1567412183.875
1952462.0,1567412183.916
1951905.0,1567412183.955
1950737.0,1567412183.994
1951373.0,1567412184.035
1952532.0,1567412184.074
1953035.0,1567412184.114
1952811.0,1567412184.156
1955394.0,1567412184.197
1961056.0,1567412184.234
1969552.0,1567412184.275
1974920.0,1567412184.314
1976903.0,1567412184.354
1976902.0,1567412184.396
1978684.0,1567412184.434
1980019.0,1567412184.474
1979665.0,1567412184.515
1979755.0,1567412184.554
1980598.0,1567412184.595
1980410.0,1567412184.636
1978673.0,1567412184.675
1976397.0,1567412184.715
1974494.0,1567412184.756
1971757.0,1567412184.795
1969412.0,1567412184.835
1968077.0,1567412184.876
1966678.0,1567412184.915
1965007.0,1567412184.955
1963344.0,1567412184.997
1961826.0,1567412185.036
1960910.0,1567412185.076
1960482.0,1567412185.115
1959607.0,1567412185.154
1959179.0,1567412185.195
1958990.0,1567412185.234
1959795.0,1567412185.273
1960024.0,1567412185.312
1960753.0,1567412185.351
1961280.0,1567412185.39
1961871.0,1567412185.429
1961369.0,1567412185.468
1960688.0,1567412185.507
1960206.0,1567412185.546
1960539.0,1567412185.585
1962582.0,1567412185.624
1963631.0,1567412185.663
1964440.0,1567412185.702
1966087.0,1567412185.741
1967356.0,1567412185.78
1968759.0,1567412185.819
1969198.0,1567412185.858
1970164.0,1567412185.897
1971703.0,1567412185.936
1974884.0,1567412186.014
1977158.0,1567412186.053
1979113.0,1567412186.092
1973353.0,1567412185.975
1981515.0,1567412186.131
1982272.0,1567412186.17
1982528.0,1567412186.209
1982295.0,1567412186.248
1982275.0,1567412186.287
1983064.0,1567412186.326
1984388.0,1567412186.365
1985945.0,1567412186.404
1987689.0,1567412186.443
1991075.0,1567412186.482
1995562.0,1567412186.521
2002567.0,1567412186.56
2008393.0,1567412186.599
2010854.0,1567412186.638
2010029.0,1567412186.677
2009459.0,1567412186.716
2008874.0,1567412186.755
2008072.0,1567412186.794
2005916.0,1567412186.833
2002404.0,1567412186.872
1998678.0,1567412186.911
1994904.0,1567412186.95
1991297.0,1567412186.989
1987927.0,1567412187.028
1985258.0,1567412187.067
1983291.0,1567412187.106
1981435.0,1567412187.145
1979803.0,1567412187.184
1977851.0,1567412187.223
1976793.0,1567412187.262
1974480.0,1567412187.34
1974033.0,1567412187.379
1973556.0,1567412187.418
1973225.0,1567412187.457
1973286.0,1567412187.496
1972553.0,1567412187.574
1970528.0,1567412187.613
1975510.0,1567412187.301
1967693.0,1567412187.652
1973482.0,1567412187.535
1965494.0,1567412187.691
1963480.0,1567412187.73
1962251.0,1567412187.769
1960986.0,1567412187.847
1961358.0,1567412187.808
1960623.0,1567412187.886
1960280.0,1567412187.925
1960432.0,1567412187.964
1961317.0,1567412188.003
1961873.0,1567412188.042
1963079.0,1567412188.081
1964977.0,1567412188.12
1966473.0,1567412188.159
1967376.0,1567412188.198
1969521.0,1567412188.237
1971860.0,1567412188.276
1973226.0,1567412188.315
1973140.0,1567412188.354
1972759.0,1567412188.394
1972667.0,1567412188.434
1973154.0,1567412188.474
1973653.0,1567412188.514
1974109.0,1567412188.554
1974304.0,1567412188.594
1974843.0,1567412188.634
1975715.0,1567412188.674
1976969.0,1567412188.714
1978615.0,1567412188.754
1980410.0,1567412188.794
1981751.0,1567412188.834
1983596.0,1567412188.874
1985210.0,1567412188.914
1987124.0,1567412188.954
1990363.0,1567412188.994
1992912.0,1567412189.034
1996654.0,1567412189.074
1999924.0,1567412189.114
2004679.0,1567412189.154
2011213.0,1567412189.194
2013251.0,1567412189.234
2013375.0,1567412189.274
2012426.0,1567412189.314
2012799.0,1567412189.354
2012458.0,1567412189.394
2010341.0,1567412189.434
2007649.0,1567412189.474
2005432.0,1567412189.514
2003406.0,1567412189.554
2001061.0,1567412189.594
1999084.0,1567412189.634
1997327.0,1567412189.674
1995562.0,1567412189.714
1993576.0,1567412189.754
1990661.0,1567412189.794
1986969.0,1567412189.834
1983735.0,1567412189.874
1980648.0,1567412189.914
1977743.0,1567412189.954
1975433.0,1567412189.994
1972995.0,1567412190.034
1970290.0,1567412190.074
1967919.0,1567412190.114
1965878.0,1567412190.154
1964390.0,1567412190.194
1963670.0,1567412190.234
1963698.0,1567412190.274
1963971.0,1567412190.314
1964534.0,1567412190.354
1965528.0,1567412190.394
1967054.0,1567412190.434
1968466.0,1567412190.474
1969274.0,1567412190.514
1969505.0,1567412190.554
1969613.0,1567412190.594
1969032.0,1567412190.634
1967959.0,1567412190.674
1968127.0,1567412190.714
1968466.0,1567412190.754
1968222.0,1567412190.794
1968119.0,1567412190.834
1967580.0,1567412190.874
1967966.0,1567412190.914
1968695.0,1567412190.954
1970186.0,1567412190.994
1971653.0,1567412191.034
1973230.0,1567412191.074
1974526.0,1567412191.114
1976988.0,1567412191.154
1979006.0,1567412191.194
1980965.0,1567412191.234
1982361.0,1567412191.274
1982768.0,1567412191.314
1982792.0,1567412191.354
1983108.0,1567412191.394
1987013.0,1567412191.434
1990470.0,1567412191.474
1998394.0,1567412191.514
2003370.0,1567412191.554
2003326.0,1567412191.594
2000821.0,1567412191.634
1997423.0,1567412191.674
1993415.0,1567412191.714
1990472.0,1567412191.754
1987737.0,1567412191.794
1985171.0,1567412191.834
1985171.0,1567412191.874
1983396.0,1567412191.914
1981220.0,1567412191.954
1979094.0,1567412191.994
1977337.0,1567412192.034
1975339.0,1567412192.074
1972018.0,1567412192.114
1968760.0,1567412192.154
1965148.0,1567412192.194
1962004.0,1567412192.234
1959413.0,1567412192.274
1957139.0,1567412192.314
1955109.0,1567412192.354
1953364.0,1567412192.394
1951643.0,1567412192.434
1949992.0,1567412192.474
1948910.0,1567412192.514
1948119.0,1567412192.554
1947163.0,1567412192.594
1946872.0,1567412192.634
1946263.0,1567412192.674
1945820.0,1567412192.714
1945663.0,1567412192.754
1945118.0,1567412192.794
1943786.0,1567412192.834
1940832.0,1567412192.874
1937820.0,1567412192.914
1935237.0,1567412192.954
1932604.0,1567412192.994
1930556.0,1567412193.034
1929218.0,1567412193.074
1928922.0,1567412193.114
1928892.0,1567412193.154
1928747.0,1567412193.194
1929360.0,1567412193.234
1930636.0,1567412193.274
1932610.0,1567412193.314
1934441.0,1567412193.354
1935417.0,1567412193.394
1936841.0,1567412193.434
1938909.0,1567412193.474
1941070.0,1567412193.514
1943080.0,1567412193.554
1943879.0,1567412193.594
1944039.0,1567412193.634
1944721.0,1567412193.674
1946122.0,1567412193.714
1946907.0,1567412193.754
1952753.0,1567412193.794
1958478.0,1567412193.834
1966505.0,1567412193.874
1969154.0,1567412193.914
1967240.0,1567412193.954
1962603.0,1567412193.994
1957289.0,1567412194.034
1953584.0,1567412194.074
1950062.0,1567412194.114
1947340.0,1567412194.154
1945615.0,1567412194.194
1943773.0,1567412194.234
1942686.0,1567412194.274
1941288.0,1567412194.314
1939388.0,1567412194.354
1936830.0,1567412194.394
1934226.0,1567412194.434
1931284.0,1567412194.474
1928919.0,1567412194.514
1927851.0,1567412194.554
1926918.0,1567412194.594
1925814.0,1567412194.634
1925448.0,1567412194.674
1925167.0,1567412194.714
1925837.0,1567412194.754
1926596.0,1567412194.794
1927737.0,1567412194.834
1928763.0,1567412194.874
1929724.0,1567412194.914
1931584.0,1567412194.954
1933575.0,1567412194.994
1935622.0,1567412195.034
1937797.0,1567412195.074
1939904.0,1567412195.114
1940499.0,1567412195.154
1940452.0,1567412195.194
1940666.0,1567412195.234
1940729.0,1567412195.274
1940751.0,1567412195.314
1940928.0,1567412195.354
1941786.0,1567412195.394
1942332.0,1567412195.434
1942954.0,1567412195.474
1943210.0,1567412195.514
1944291.0,1567412195.554
1945030.0,1567412195.594
1946532.0,1567412195.634
1948253.0,1567412195.674
1949739.0,1567412195.714
1951768.0,1567412195.754
1954000.0,1567412195.794
1955868.0,1567412195.834
1958092.0,1567412195.874
1959692.0,1567412195.914
1960555.0,1567412195.954
1960722.0,1567412195.994
1960667.0,1567412196.034
1961068.0,1567412196.074
1962789.0,1567412196.114
1964822.0,1567412196.154
1967732.0,1567412196.194
1971456.0,1567412196.234
1975189.0,1567412196.274
1978993.0,1567412196.314
1982982.0,1567412196.354
1986305.0,1567412196.394
1989427.0,1567412196.434
1993102.0,1567412196.474
1996234.0,1567412196.514
1998715.0,1567412196.554
2001137.0,1567412196.594
2003147.0,1567412196.634
2004229.0,1567412196.674
2004345.0,1567412196.714
2003774.0,1567412196.754
2002801.0,1567412196.794
2000583.0,1567412196.834
1998861.0,1567412196.874
1997760.0,1567412196.914
1996004.0,1567412196.954
1994634.0,1567412196.994
1993707.0,1567412197.034
1992892.0,1567412197.074
1992742.0,1567412197.114
1992542.0,1567412197.171
1992460.0,1567412197.21
1992596.0,1567412197.25
1993111.0,1567412197.291
1994369.0,1567412197.331
1996185.0,1567412197.37
1998925.0,1567412197.412
2001477.0,1567412197.451
2005607.0,1567412197.491
2011091.0,1567412197.532
2019316.0,1567412197.571
2021899.0,1567412197.611
2021319.0,1567412197.652
2018712.0,1567412197.691
2016927.0,1567412197.733
2014574.0,1567412197.773
2012866.0,1567412197.812
2011921.0,1567412197.852
2010264.0,1567412197.893
2008012.0,1567412197.933
2006593.0,1567412197.973
2005090.0,1567412198.014
2003347.0,1567412198.053
2001945.0,1567412198.094
2001023.0,1567412198.136
2000206.0,1567412198.172
1999818.0,1567412198.209
1998894.0,1567412198.25
1996735.0,1567412198.289
1994547.0,1567412198.33
1992261.0,1567412198.371
1990742.0,1567412198.41
1989691.0,1567412198.45
1989293.0,1567412198.491
1988793.0,1567412198.531
1989038.0,1567412198.57
1988687.0,1567412198.611
1989092.0,1567412198.65
1989396.0,1567412198.69
1990244.0,1567412198.732
1991749.0,1567412198.77
1993352.0,1567412198.81
1994208.0,1567412198.852
1994032.0,1567412198.891
1993836.0,1567412198.931
1993455.0,1567412198.972
1993243.0,1567412199.012
1992603.0,1567412199.053
1992023.0,1567412199.094
1991988.0,1567412199.133
1992062.0,1567412199.173
1992362.0,1567412199.215
1992819.0,1567412199.253
1993523.0,1567412199.294
1994316.0,1567412199.336
1995633.0,1567412199.374
1997732.0,1567412199.414
2002439.0,1567412199.456
2009500.0,1567412199.493
2013910.0,1567412199.534
2014026.0,1567412199.573
2012968.0,1567412199.612
2011187.0,1567412199.652
2009477.0,1567412199.693
2007170.0,1567412199.733
2003983.0,1567412199.772
2000653.0,1567412199.813
1997665.0,1567412199.852
1995132.0,1567412199.892
1992154.0,1567412199.934
1989811.0,1567412199.972
1987962.0,1567412200.013
1986605.0,1567412200.054
1984847.0,1567412200.093
1983463.0,1567412200.133
1982383.0,1567412200.174
1981458.0,1567412200.214
1980830.0,1567412200.253
1980472.0,1567412200.294
1980010.0,1567412200.334
1979758.0,1567412200.374
1979687.0,1567412200.415
1979390.0,1567412200.454
1978882.0,1567412200.494
1976653.0,1567412200.536
1974636.0,1567412200.575
1972084.0,1567412200.615
1969970.0,1567412200.654
1967916.0,1567412200.694
1966370.0,1567412200.735
1965184.0,1567412200.775
1963955.0,1567412200.814
1962963.0,1567412200.855
1962378.0,1567412200.891
1961713.0,1567412200.93
1961391.0,1567412200.97
1961337.0,1567412201.011
1961568.0,1567412201.05
1962176.0,1567412201.09
1963309.0,1567412201.132
1964525.0,1567412201.17
1965824.0,1567412201.21
1967207.0,1567412201.252
1967507.0,1567412201.291
1967968.0,1567412201.331
1968159.0,1567412201.372
1968517.0,1567412201.411
1968865.0,1567412201.451
1969132.0,1567412201.492
1970396.0,1567412201.532
1971415.0,1567412201.571
1972502.0,1567412201.606
1976284.0,1567412201.679
1973944.0,1567412201.639
1982977.0,1567412201.755
1978420.0,1567412201.719
1993152.0,1567412201.837
1986682.0,1567412201.795
1999918.0,1567412201.917
1998682.0,1567412201.876
1998412.0,1567412201.957
1996108.0,1567412201.997
1992767.0,1567412202.037
1990180.0,1567412202.076
1988094.0,1567412202.116
1985901.0,1567412202.156
1984365.0,1567412202.196
1983012.0,1567412202.235
1981775.0,1567412202.275
1980821.0,1567412202.317
1979749.0,1567412202.355
1978986.0,1567412202.395
1980466.0,1567412202.436
1982849.0,1567412202.475
1984128.0,1567412202.516
1984499.0,1567412202.557
1984001.0,1567412202.596
1982739.0,1567412202.636
1981767.0,1567412202.677
1979564.0,1567412202.717
1975694.0,1567412202.756
1972518.0,1567412202.797
1969973.0,1567412202.836
1967287.0,1567412202.876
1965051.0,1567412202.919
1963458.0,1567412202.957
1961756.0,1567412202.996
1960402.0,1567412203.037
1958997.0,1567412203.076
1958436.0,1567412203.117
1957984.0,1567412203.158
1957522.0,1567412203.201
1957062.0,1567412203.238
1957126.0,1567412203.279
1957635.0,1567412203.317
1958814.0,1567412203.356
1959107.0,1567412203.398
1957502.0,1567412203.437
1953584.0,1567412203.477
1949358.0,1567412203.519
1946786.0,1567412203.558
1944156.0,1567412203.598
1942128.0,1567412203.637
1941621.0,1567412203.676
1941514.0,1567412203.717
1941979.0,1567412203.755
1942631.0,1567412203.794
1943614.0,1567412203.834
1945616.0,1567412203.875
1947553.0,1567412203.915
1949530.0,1567412203.955
1952219.0,1567412203.996
1956274.0,1567412204.035
1961047.0,1567412204.075
1966422.0,1567412204.117
1969944.0,1567412204.155
1974485.0,1567412204.195
1981453.0,1567412204.236
1990095.0,1567412204.275
1998364.0,1567412204.316
1999707.0,1567412204.356
1997653.0,1567412204.395
1993772.0,1567412204.436
1992328.0,1567412204.478
1990323.0,1567412204.518
1987731.0,1567412204.557
1985649.0,1567412204.599
1984371.0,1567412204.638
1983018.0,1567412204.678
1982167.0,1567412204.72
1982142.0,1567412204.759
1982540.0,1567412204.797
1982635.0,1567412204.838
1982501.0,1567412204.877
1981934.0,1567412204.918
1979193.0,1567412204.959
1975416.0,1567412204.991
1975416.0,1567412205.031
1971839.0,1567412205.072
1968872.0,1567412205.112
1965977.0,1567412205.151
1963970.0,1567412205.194
1962270.0,1567412205.232
1960497.0,1567412205.272
1958977.0,1567412205.314
1957853.0,1567412205.352
1956876.0,1567412205.392
1956178.0,1567412205.433
1955732.0,1567412205.472
1955327.0,1567412205.513
1955065.0,1567412205.554
1954652.0,1567412205.593
1954534.0,1567412205.633
1954414.0,1567412205.674
1951888.0,1567412205.713
1948581.0,1567412205.751
1945969.0,1567412205.792
1943459.0,1567412205.827
1941579.0,1567412205.861
1940388.0,1567412205.903
1938941.0,1567412205.939
1938583.0,1567412205.976
1938201.0,1567412206.018
1938834.0,1567412206.057
1940058.0,1567412206.098
1941877.0,1567412206.138
1943688.0,1567412206.178
1945198.0,1567412206.218
1945894.0,1567412206.259
1946537.0,1567412206.298
1947493.0,1567412206.338
1948394.0,1567412206.379
1949649.0,1567412206.418
1948608.0,1567412206.458
1948114.0,1567412206.5
1948134.0,1567412206.538
1948195.0,1567412206.578
1949140.0,1567412206.619
1951846.0,1567412206.659
1955726.0,1567412206.699
1959927.0,1567412206.74
1965556.0,1567412206.779
1972444.0,1567412206.819
1978678.0,1567412206.86
1981966.0,1567412206.9
1982429.0,1567412206.939
1981038.0,1567412206.98
1977547.0,1567412207.017
1974232.0,1567412207.057
1971259.0,1567412207.099
1968325.0,1567412207.138
1965764.0,1567412207.178
1962437.0,1567412207.219
1958697.0,1567412207.259
1954637.0,1567412207.3
1951589.0,1567412207.338
1948815.0,1567412207.377
1943635.0,1567412207.45
1945829.0,1567412207.418
1941207.0,1567412207.489
1939101.0,1567412207.529
1937770.0,1567412207.57
1936737.0,1567412207.609
1935788.0,1567412207.649
1935632.0,1567412207.691
1935502.0,1567412207.729
1935296.0,1567412207.769
1935654.0,1567412207.811
1935901.0,1567412207.85
1936135.0,1567412207.89
1935201.0,1567412207.931
1933252.0,1567412207.97
1931566.0,1567412208.01
1929757.0,1567412208.051
1928134.0,1567412208.091
1926798.0,1567412208.131
1925746.0,1567412208.176
1925282.0,1567412208.212
1924266.0,1567412208.247
1923626.0,1567412208.28
1923267.0,1567412208.319
1923179.0,1567412208.359
1923239.0,1567412208.401
1923505.0,1567412208.44
1923830.0,1567412208.481
1924366.0,1567412208.521
1926230.0,1567412208.561
1928950.0,1567412208.599
1932303.0,1567412208.64
1934203.0,1567412208.68
1934373.0,1567412208.72
1934744.0,1567412208.761
1936408.0,1567412208.8
1938292.0,1567412208.84
1940295.0,1567412208.882
1942174.0,1567412208.919
1944938.0,1567412208.959
1947373.0,1567412209.001
1949843.0,1567412209.04
1952209.0,1567412209.075
1952209.0,1567412209.091
1958428.0,1567412209.17
1960431.0,1567412209.211
1964838.0,1567412209.251
1968122.0,1567412209.291
1975859.0,1567412209.332
1980249.0,1567412209.371
1979853.0,1567412209.411
1975505.0,1567412209.453
1969223.0,1567412209.491
1962632.0,1567412209.531
1957363.0,1567412209.572
1955200.0,1567412209.13
1953677.0,1567412209.611
1950439.0,1567412209.652
1946686.0,1567412209.693
1940933.0,1567412209.756
1943748.0,1567412209.725
1938204.0,1567412209.797
1936124.0,1567412209.835
1934376.0,1567412209.875
1932235.0,1567412209.916
1930411.0,1567412209.955
1928667.0,1567412209.996
1927290.0,1567412210.038
1925989.0,1567412210.076
1923259.0,1567412210.118
1919222.0,1567412210.155
1915128.0,1567412210.189
1911545.0,1567412210.23
1905469.0,1567412210.31
1902935.0,1567412210.35
1908391.0,1567412210.271
1899944.0,1567412210.391
1898143.0,1567412210.431
1896035.0,1567412210.47
1894197.0,1567412210.511
1892864.0,1567412210.55
1891742.0,1567412210.59
1890690.0,1567412210.632
1889849.0,1567412210.671
1889366.0,1567412210.711
1888864.0,1567412210.752
1888418.0,1567412210.791
1888215.0,1567412210.832
1887340.0,1567412210.87
1886160.0,1567412210.906
1885756.0,1567412210.946
1886741.0,1567412210.988
1887388.0,1567412211.028
1887151.0,1567412211.06
1888652.0,1567412211.099
1913325.0,1567412211.339
1917114.0,1567412211.378
1921216.0,1567412211.419
1892325.0,1567412211.136
1925541.0,1567412211.459
1929501.0,1567412211.495
1929501.0,1567412211.531
1934849.0,1567412211.572
1942617.0,1567412211.612
1948024.0,1567412211.652
1948149.0,1567412211.693
1904886.0,1567412211.257
1896157.0,1567412211.176
1900134.0,1567412211.218
1943114.0,1567412211.732
1935611.0,1567412211.772
1929000.0,1567412211.814
1924236.0,1567412211.852
1920243.0,1567412211.892
1916502.0,1567412211.933
1906575.0,1567412212.053
1903985.0,1567412212.092
1901763.0,1567412212.132
1899568.0,1567412212.174
1897288.0,1567412212.214
1895167.0,1567412212.254
1892960.0,1567412212.3
1909823.0,1567412212.013
1909002.0,1567412211.297
1912848.0,1567412211.972
1890793.0,1567412212.335
1887580.0,1567412212.375
1882575.0,1567412212.418
1877430.0,1567412212.456
1873107.0,1567412212.497
1864381.0,1567412212.577
1861280.0,1567412212.618
1858126.0,1567412212.659
1854736.0,1567412212.698
1851723.0,1567412212.738
1849487.0,1567412212.78
1847321.0,1567412212.818
1845600.0,1567412212.858
1844133.0,1567412212.899
1868665.0,1567412212.538
1841363.0,1567412212.978
1840059.0,1567412213.02
1837844.0,1567412213.098
1838971.0,1567412213.058
1836920.0,1567412213.139
1836017.0,1567412213.178
1842942.0,1567412212.938
1841637.0,1567412213.338
1835322.0,1567412213.219
1838065.0,1567412213.298
1835912.0,1567412213.259
1845755.0,1567412213.379
1849438.0,1567412213.419
1852848.0,1567412213.459
1856816.0,1567412213.5
1861087.0,1567412213.538
1866605.0,1567412213.578
1871620.0,1567412213.62
1876898.0,1567412213.659
1887538.0,1567412213.74
1882406.0,1567412213.699
1895338.0,1567412213.777
1902331.0,1567412213.818
1911280.0,1567412213.859
1917182.0,1567412213.898
1918288.0,1567412213.938
1914274.0,1567412213.977
1899927.0,1567412214.056
1894990.0,1567412214.097
1890877.0,1567412214.136
1886932.0,1567412214.176
1883108.0,1567412214.218
1906772.0,1567412214.017
1880007.0,1567412214.256
1875256.0,1567412214.337
1873318.0,1567412214.376
1877466.0,1567412214.296
1870769.0,1567412214.458
1871837.0,1567412214.417
1865604.0,1567412214.617
1868380.0,1567412214.537
1867094.0,1567412214.578
1862275.0,1567412214.658
1869189.0,1567412214.497
1858577.0,1567412214.699
1855202.0,1567412214.738
1852398.0,1567412214.778
1848104.0,1567412214.859
1850037.0,1567412214.82
1846830.0,1567412214.899
1845449.0,1567412214.941
1843947.0,1567412214.98
1842953.0,1567412215.019
1842279.0,1567412215.06
1841671.0,1567412215.103
1841613.0,1567412215.139
1841650.0,1567412215.179
1841536.0,1567412215.211
1841675.0,1567412215.251
1841850.0,1567412215.292
1842082.0,1567412215.331
1841422.0,1567412215.371
1842473.0,1567412215.413
1845336.0,1567412215.451
1849677.0,1567412215.491
1853830.0,1567412215.532
1856782.0,1567412215.571
1860071.0,1567412215.612
1863364.0,1567412215.652
1867439.0,1567412215.691
1871544.0,1567412215.731
1875622.0,1567412215.773
1880328.0,1567412215.812
1884402.0,1567412215.852
1895576.0,1567412215.922
1907123.0,1567412216.005
1912694.0,1567412216.043
1900329.0,1567412215.963
1889979.0,1567412215.883
1912318.0,1567412216.083
1896670.0,1567412216.163
1905379.0,1567412216.124
1884321.0,1567412216.244
1889609.0,1567412216.204
1879535.0,1567412216.283
1875364.0,1567412216.323
1871646.0,1567412216.364
1867836.0,1567412216.404
1864382.0,1567412216.443
1861582.0,1567412216.484
1859470.0,1567412216.524
1857518.0,1567412216.564
1856035.0,1567412216.606
1854613.0,1567412216.644
1853229.0,1567412216.684
1850592.0,1567412216.764
1846785.0,1567412216.845
1842716.0,1567412216.884
1839173.0,1567412216.924
1835832.0,1567412216.965
1851795.0,1567412216.725
1849668.0,1567412216.805
1832736.0,1567412217.005
1830161.0,1567412217.044
1828151.0,1567412217.086
1826014.0,1567412217.125
1822460.0,1567412217.207
1821416.0,1567412217.245
1824324.0,1567412217.165
1820817.0,1567412217.285
1820433.0,1567412217.326
1820267.0,1567412217.365
1820432.0,1567412217.406
1821137.0,1567412217.446
1823338.0,1567412217.485
1826182.0,1567412217.525
1836447.0,1567412217.607
1831155.0,1567412217.567
1839465.0,1567412217.646
1841855.0,1567412217.687
1845927.0,1567412217.726
1850092.0,1567412217.766
1855350.0,1567412217.808
1860459.0,1567412217.846
1865920.0,1567412217.886
1871376.0,1567412217.927
1877085.0,1567412217.966
1883209.0,1567412218.007
1889581.0,1567412218.048
1896169.0,1567412218.087
1902550.0,1567412218.127
1910688.0,1567412218.168
1930596.0,1567412218.247
1942309.0,1567412218.327
1940804.0,1567412218.367
1936795.0,1567412218.409
1932927.0,1567412218.447
1930455.0,1567412218.487
1928511.0,1567412218.528
1927915.0,1567412218.567
1939881.0,1567412218.288
1919251.0,1567412218.208
1925380.0,1567412218.649
1923088.0,1567412218.728
1926660.0,1567412218.609
1924060.0,1567412218.688
1923341.0,1567412218.809
1923003.0,1567412218.769
1924045.0,1567412218.848
1925288.0,1567412218.889
1926535.0,1567412218.968
1927105.0,1567412219.01
1925855.0,1567412218.928
1927047.0,1567412219.048
1924898.0,1567412219.089
1922571.0,1567412219.129
1920606.0,1567412219.168
1918989.0,1567412219.21
1917463.0,1567412219.25
1916387.0,1567412219.289
1915775.0,1567412219.329
1914818.0,1567412219.37
1914203.0,1567412219.41
1913970.0,1567412219.449
1914504.0,1567412219.49
1915280.0,1567412219.529
1915799.0,1567412219.569
1916365.0,1567412219.611
1916988.0,1567412219.649
1918085.0,1567412219.689
1918716.0,1567412219.731
1919074.0,1567412219.77
1917971.0,1567412219.811
1915871.0,1567412219.851
1914193.0,1567412219.89
1912700.0,1567412219.93
1911766.0,1567412219.971
1911386.0,1567412220.011
1911946.0,1567412220.05
1912410.0,1567412220.091
1913291.0,1567412220.131
1914302.0,1567412220.171
1915695.0,1567412220.213
1917648.0,1567412220.251
1919424.0,1567412220.291
1921374.0,1567412220.332
1923262.0,1567412220.371
1926008.0,1567412220.412
1929487.0,1567412220.452
1934012.0,1567412220.491
1938768.0,1567412220.531
1941975.0,1567412220.572
1947868.0,1567412220.612
1953709.0,1567412220.651
1955717.0,1567412220.692
1954153.0,1567412220.731
1951353.0,1567412220.772
1949781.0,1567412220.814
1948179.0,1567412220.852
1945918.0,1567412220.892
1944312.0,1567412220.933
1943288.0,1567412220.972
1941998.0,1567412221.013
1939532.0,1567412221.096
1940890.0,1567412221.057
1938265.0,1567412221.136
1937572.0,1567412221.177
1936905.0,1567412221.217
1936097.0,1567412221.256
1934834.0,1567412221.297
1929129.0,1567412221.377
1932377.0,1567412221.337
1926438.0,1567412221.418
1923961.0,1567412221.457
1921450.0,1567412221.497
1919258.0,1567412221.538
1917093.0,1567412221.577
1914777.0,1567412221.618
1912797.0,1567412221.658
1911502.0,1567412221.697
1910154.0,1567412221.737
1909402.0,1567412221.779
1909097.0,1567412221.818
1909114.0,1567412221.858
1908829.0,1567412221.899
1909227.0,1567412221.938
1906870.0,1567412222.058
1908902.0,1567412222.02
1904445.0,1567412222.099
1909277.0,1567412221.978
1902885.0,1567412222.139
1901790.0,1567412222.178
1901004.0,1567412222.215
1901216.0,1567412222.256
1903098.0,1567412222.326
1905390.0,1567412222.4
1904260.0,1567412222.367
1902039.0,1567412222.285
1906728.0,1567412222.44
1908308.0,1567412222.481
1910673.0,1567412222.52
1913392.0,1567412222.56
1916391.0,1567412222.602
1919977.0,1567412222.64
1924643.0,1567412222.68
1928643.0,1567412222.722
1933294.0,1567412222.761
1938797.0,1567412222.801
1940184.0,1567412222.842
1939025.0,1567412222.881
1932347.0,1567412222.962
1927928.0,1567412223.041
1925333.0,1567412223.083
1922679.0,1567412223.123
1920365.0,1567412223.163
1918751.0,1567412223.205
1917358.0,1567412223.244
1916326.0,1567412223.284
1915258.0,1567412223.325
1914236.0,1567412223.364
1913533.0,1567412223.406
1912994.0,1567412223.447
1930301.0,1567412223.002
1912248.0,1567412223.486
1910074.0,1567412223.526
1905998.0,1567412223.567
1935020.0,1567412222.921
1899625.0,1567412223.646
1896911.0,1567412223.688
1894749.0,1567412223.727
1902597.0,1567412223.607
1893043.0,1567412223.767
1889850.0,1567412223.847
1891400.0,1567412223.808
1887824.0,1567412223.928
1887210.0,1567412223.967
1888582.0,1567412223.887
1886637.0,1567412224.008
1886187.0,1567412224.088
1886417.0,1567412224.048
1886097.0,1567412224.127
1886123.0,1567412224.169
1885841.0,1567412224.248
1881841.0,1567412224.328
1886450.0,1567412224.208
1883704.0,1567412224.289
1881061.0,1567412224.368
1881250.0,1567412224.446
1880639.0,1567412224.41
1884057.0,1567412224.528
1882791.0,1567412224.487
1886383.0,1567412224.567
1888919.0,1567412224.608
1892199.0,1567412224.649
1895782.0,1567412224.688
1900293.0,1567412224.728
1905292.0,1567412224.769
1909319.0,1567412224.807
1913444.0,1567412224.847
1917054.0,1567412224.888
1920465.0,1567412224.927
1923032.0,1567412224.968
1924143.0,1567412225.007
1923781.0,1567412225.043
1923702.0,1567412225.083
1923573.0,1567412225.124
1923179.0,1567412225.163
1923087.0,1567412225.204
1923365.0,1567412225.245
1923213.0,1567412225.284
1923701.0,1567412225.324
1925393.0,1567412225.365
1929719.0,1567412225.405
1933371.0,1567412225.444
1939949.0,1567412225.485
1944913.0,1567412225.524
1949065.0,1567412225.564
1950727.0,1567412225.606
1952042.0,1567412225.645
1952751.0,1567412225.685
1952689.0,1567412225.726
1951887.0,1567412225.765
1950208.0,1567412225.807
1948651.0,1567412225.848
1947262.0,1567412225.887
1946498.0,1567412225.927
1946769.0,1567412225.968
1947182.0,1567412226.008
1947934.0,1567412226.048
1948338.0,1567412226.089
1948649.0,1567412226.128
1949427.0,1567412226.169
1950753.0,1567412226.211
1952622.0,1567412226.249
1954262.0,1567412226.287
1956186.0,1567412226.329
1958686.0,1567412226.368
1961441.0,1567412226.408
1963186.0,1567412226.449
1964680.0,1567412226.488
1965076.0,1567412226.528
1964802.0,1567412226.569
1964735.0,1567412226.609
1964396.0,1567412226.648
1964312.0,1567412226.689
1965337.0,1567412226.728
1967141.0,1567412226.768
1968245.0,1567412226.81
1969823.0,1567412226.849
1971515.0,1567412226.889
1973464.0,1567412226.93
1975410.0,1567412226.969
1977498.0,1567412227.009
1979775.0,1567412227.05
1981804.0,1567412227.09
1983942.0,1567412227.129
1986226.0,1567412227.171
1988507.0,1567412227.208
1990503.0,1567412227.248
1990980.0,1567412227.289
1990306.0,1567412227.329
1989599.0,1567412227.369
1989472.0,1567412227.411
1989207.0,1567412227.449
1989579.0,1567412227.487
1990146.0,1567412227.528
1990379.0,1567412227.567
1990862.0,1567412227.608
1991227.0,1567412227.649
1992164.0,1567412227.688
1993254.0,1567412227.728
1994625.0,1567412227.769
2000508.0,1567412227.848
1996686.0,1567412227.809
2003708.0,1567412227.889
2010305.0,1567412227.928
2017113.0,1567412227.968
2021553.0,1567412228.01
2023255.0,1567412228.048
2024467.0,1567412228.088
2023881.0,1567412228.129
2026996.0,1567412228.168
2032015.0,1567412228.209
2036855.0,1567412228.25
2040848.0,1567412228.289
2042598.0,1567412228.329
2044235.0,1567412228.371
2047023.0,1567412228.411
2050685.0,1567412228.45
2054542.0,1567412228.491
2058010.0,1567412228.528
2060596.0,1567412228.569
2061587.0,1567412228.611
2062331.0,1567412228.649
2063683.0,1567412228.688
2065100.0,1567412228.721
2065825.0,1567412228.76
2066077.0,1567412228.801
2066820.0,1567412228.842
2066750.0,1567412228.881
2067518.0,1567412228.921
2068300.0,1567412228.962
2070905.0,1567412229.002
2074419.0,1567412229.041
2077655.0,1567412229.082
2080265.0,1567412229.121
2083034.0,1567412229.161
2084921.0,1567412229.203
2084651.0,1567412229.241
2084585.0,1567412229.281
2085542.0,1567412229.323
2087316.0,1567412229.362
2088996.0,1567412229.403
2093483.0,1567412229.444
2098054.0,1567412229.48
2101041.0,1567412229.52
2101700.0,1567412229.553
2103012.0,1567412229.591
2104447.0,1567412229.63
2107016.0,1567412229.672
2109050.0,1567412229.711
2109849.0,1567412229.751
2109894.0,1567412229.793
2109962.0,1567412229.831
2111618.0,1567412229.872
2111432.0,1567412229.913
2113198.0,1567412229.952
2114851.0,1567412229.993
2115981.0,1567412230.033
2118085.0,1567412230.072
2120532.0,1567412230.113
2121935.0,1567412230.154
2123909.0,1567412230.193
2125515.0,1567412230.233
2126473.0,1567412230.274
2128223.0,1567412230.313
2127638.0,1567412230.353
2132147.0,1567412230.395
2133714.0,1567412230.433
2136332.0,1567412230.473
2135790.0,1567412230.514
2134630.0,1567412230.553
2132802.0,1567412230.594
2132138.0,1567412230.635
2130889.0,1567412230.675
2130174.0,1567412230.713
2129899.0,1567412230.752
2128880.0,1567412230.792
2128108.0,1567412230.831
2127970.0,1567412230.873
2127102.0,1567412230.912
2124347.0,1567412230.952
2121163.0,1567412230.994
2117918.0,1567412231.033
2114465.0,1567412231.071
2111596.0,1567412231.112
2109502.0,1567412231.151
2107714.0,1567412231.192
2105309.0,1567412231.233
2103293.0,1567412231.272
2101416.0,1567412231.313
2099435.0,1567412231.354
2097851.0,1567412231.392
2096506.0,1567412231.431
2095456.0,1567412231.472
2094656.0,1567412231.511
2093620.0,1567412231.551
2092594.0,1567412231.592
2090646.0,1567412231.631
2087546.0,1567412231.671
2084667.0,1567412231.712
2081653.0,1567412231.751
2078722.0,1567412231.792
2076656.0,1567412231.832
2074516.0,1567412231.871
2072252.0,1567412231.912
2070559.0,1567412231.953
2067778.0,1567412231.992
2065065.0,1567412232.032
2062184.0,1567412232.074
2060135.0,1567412232.112
2058979.0,1567412232.152
2059078.0,1567412232.195
2058729.0,1567412232.233
2059418.0,1567412232.272
2059981.0,1567412232.313
2059784.0,1567412232.352
2058875.0,1567412232.393
2058073.0,1567412232.434
2055806.0,1567412232.473
2053128.0,1567412232.513
2052150.0,1567412232.555
2052025.0,1567412232.593
2050754.0,1567412232.632
2049534.0,1567412232.673
2050198.0,1567412232.712
2051069.0,1567412232.752
2053613.0,1567412232.794
2054836.0,1567412232.833
2058126.0,1567412232.873
2058773.0,1567412232.914
2057572.0,1567412232.953
2054319.0,1567412232.994
2052355.0,1567412233.04
2049229.0,1567412233.079
2045097.0,1567412233.119
2041377.0,1567412233.16
2038281.0,1567412233.2
2034830.0,1567412233.239
2031182.0,1567412233.281
2025356.0,1567412233.36
2022972.0,1567412233.401
2020728.0,1567412233.44
2018293.0,1567412233.478
2027980.0,1567412233.319
2016384.0,1567412233.519
2015342.0,1567412233.558
2014105.0,1567412233.599
2013154.0,1567412233.64
2012633.0,1567412233.679
2012471.0,1567412233.72
2012017.0,1567412233.761
2011022.0,1567412233.801
2008548.0,1567412233.84
2005490.0,1567412233.88
2002541.0,1567412233.919
1996965.0,1567412234.001
1994905.0,1567412234.04
1992851.0,1567412234.084
1990863.0,1567412234.122
1989010.0,1567412234.159
1987177.0,1567412234.2
1999823.0,1567412233.959
1985871.0,1567412234.238
1985038.0,1567412234.277
1984766.0,1567412234.317
1984518.0,1567412234.358
1984266.0,1567412234.398
1983613.0,1567412234.437
1983941.0,1567412234.478
1983822.0,1567412234.517
1982582.0,1567412234.557
1981391.0,1567412234.599
1981857.0,1567412234.637
1981566.0,1567412234.678
1981445.0,1567412234.719
1982174.0,1567412234.758
1982989.0,1567412234.798
1983812.0,1567412234.839
1984995.0,1567412234.878
1986720.0,1567412234.918
1989091.0,1567412234.96
1991985.0,1567412235.0
1995610.0,1567412235.039
2003266.0,1567412235.12
2007776.0,1567412235.16
1999158.0,1567412235.081
2012194.0,1567412235.202
2019665.0,1567412235.241
2024941.0,1567412235.281
2031154.0,1567412235.32
2035287.0,1567412235.359
2036748.0,1567412235.4
2033807.0,1567412235.441
2027693.0,1567412235.469
2027693.0,1567412235.509
2025936.0,1567412235.55
2020604.0,1567412235.63
2017209.0,1567412235.71
2014031.0,1567412235.792
2012821.0,1567412235.83
2022985.0,1567412235.59
2019342.0,1567412235.671
2015642.0,1567412235.75
2012040.0,1567412235.87
2010597.0,1567412235.911
2009804.0,1567412235.95
2009547.0,1567412235.991
2008411.0,1567412236.032
2005943.0,1567412236.071
2003037.0,1567412236.111
2000509.0,1567412236.153
1998177.0,1567412236.187
1996099.0,1567412236.226
1994258.0,1567412236.263
1992697.0,1567412236.299
1990956.0,1567412236.339
1989185.0,1567412236.381
1988129.0,1567412236.419
1987390.0,1567412236.46
1987112.0,1567412236.501
1986989.0,1567412236.54
1986867.0,1567412236.581
1986881.0,1567412236.622
1987119.0,1567412236.659
1987492.0,1567412236.699
1987762.0,1567412236.74
1986514.0,1567412236.78
1984897.0,1567412236.821
1983206.0,1567412236.862
1981805.0,1567412236.901
1980506.0,1567412236.941
1979219.0,1567412236.983
1976927.0,1567412237.021
1976123.0,1567412237.061
1975350.0,1567412237.102
1975560.0,1567412237.141
1976217.0,1567412237.182
1976482.0,1567412237.222
1977740.0,1567412237.261
1979197.0,1567412237.301
1980456.0,1567412237.343
1982580.0,1567412237.382
1985053.0,1567412237.422
1987890.0,1567412237.463
1989756.0,1567412237.499
1990322.0,1567412237.54
1990070.0,1567412237.582
1989902.0,1567412237.62
1989699.0,1567412237.66
1989003.0,1567412237.702
1990043.0,1567412237.741
1991774.0,1567412237.782
1993602.0,1567412237.821
1993811.0,1567412237.86
1994763.0,1567412237.9
1996565.0,1567412237.941
1997804.0,1567412237.981
1999555.0,1567412238.021
2000091.0,1567412238.062
2001610.0,1567412238.102
2004258.0,1567412238.139
2007889.0,1567412238.172
2012743.0,1567412238.211
2014436.0,1567412238.251
2017186.0,1567412238.292
2018779.0,1567412238.331
2016025.0,1567412238.372
2011105.0,1567412238.412
2007116.0,1567412238.451
2003452.0,1567412238.491
2000275.0,1567412238.533
1998083.0,1567412238.572
1996581.0,1567412238.612
1993867.0,1567412238.653
1992698.0,1567412238.692
1991240.0,1567412238.732
1989521.0,1567412238.774
1988426.0,1567412238.812
1987008.0,1567412238.853
1985457.0,1567412238.889
1983913.0,1567412238.928
1982779.0,1567412238.964
1981019.0,1567412239.002
1977492.0,1567412239.046
1973578.0,1567412239.082
1969828.0,1567412239.123
1966294.0,1567412239.163
1962956.0,1567412239.203
1960372.0,1567412239.244
1958385.0,1567412239.278
1958385.0,1567412239.318
1956432.0,1567412239.36
1954517.0,1567412239.399
1953698.0,1567412239.439
1953077.0,1567412239.48
1952462.0,1567412239.519
1952320.0,1567412239.56
1952365.0,1567412239.6
1952092.0,1567412239.639
1952639.0,1567412239.679
1952954.0,1567412239.72
1953384.0,1567412239.76
1953359.0,1567412239.799
1951756.0,1567412239.84
1950594.0,1567412239.88
1949539.0,1567412239.92
1948650.0,1567412239.961
1948390.0,1567412240.001
1949226.0,1567412240.041
1951015.0,1567412240.083
1952955.0,1567412240.122
1954833.0,1567412240.163
1956413.0,1567412240.203
1958994.0,1567412240.243
1962312.0,1567412240.283
1966243.0,1567412240.324
1970630.0,1567412240.364
1975233.0,1567412240.404
1980332.0,1567412240.443
1987429.0,1567412240.482
1994513.0,1567412240.523
2003004.0,1567412240.564
2008739.0,1567412240.602
2009037.0,1567412240.642
2006058.0,1567412240.683
2002121.0,1567412240.722
1998844.0,1567412240.763
1996952.0,1567412240.804
1995959.0,1567412240.843
1995147.0,1567412240.883
1993613.0,1567412240.924
1991209.0,1567412240.964
1990199.0,1567412241.003
1988742.0,1567412241.044
1987332.0,1567412241.083
1986802.0,1567412241.123
1986116.0,1567412241.165
1985438.0,1567412241.203
1984619.0,1567412241.243
1982756.0,1567412241.285
1980294.0,1567412241.322
1977626.0,1567412241.363
1975178.0,1567412241.404
1972965.0,1567412241.443
1970416.0,1567412241.484
1968691.0,1567412241.525
1967030.0,1567412241.565
1965276.0,1567412241.604
1963563.0,1567412241.646
1962268.0,1567412241.683
1961485.0,1567412241.723
1960988.0,1567412241.765
1960835.0,1567412241.803
1960244.0,1567412241.844
1960420.0,1567412241.885
1960113.0,1567412241.924
1959731.0,1567412241.965
1958445.0,1567412242.004
1955822.0,1567412242.047
1953244.0,1567412242.084
1951276.0,1567412242.125
1949721.0,1567412242.165
1948184.0,1567412242.203
1947978.0,1567412242.245
1949400.0,1567412242.284
1951137.0,1567412242.324
1952647.0,1567412242.365
1954438.0,1567412242.404
1955668.0,1567412242.444
1956158.0,1567412242.485
1956494.0,1567412242.524
1958499.0,1567412242.565
1960503.0,1567412242.605
1961844.0,1567412242.644
1963633.0,1567412242.684
1966704.0,1567412242.725
1969752.0,1567412242.765
1969442.0,1567412242.804
1971891.0,1567412242.846
1973890.0,1567412242.884
1972087.0,1567412242.925
1961361.0,1567412243.004
1967192.0,1567412242.965
1953703.0,1567412243.085
1950843.0,1567412243.124
1957786.0,1567412243.044
1944727.0,1567412243.206
1947719.0,1567412243.165
1939631.0,1567412243.284
1941943.0,1567412243.245
1937539.0,1567412243.325
1935787.0,1567412243.365
1934609.0,1567412243.404
1933064.0,1567412243.445
1931924.0,1567412243.476
1930134.0,1567412243.516
1926278.0,1567412243.558
1921409.0,1567412243.597
1913435.0,1567412243.678
1909744.0,1567412243.717
1917270.0,1567412243.637
1907096.0,1567412243.758
1904214.0,1567412243.798
1901470.0,1567412243.837
1899249.0,1567412243.877
1897161.0,1567412243.918
1895795.0,1567412243.958
1894596.0,1567412243.997
1894062.0,1567412244.039
1893572.0,1567412244.078
1892987.0,1567412244.118
1892586.0,1567412244.153
1892453.0,1567412244.186
1892283.0,1567412244.223
1891509.0,1567412244.264
1888823.0,1567412244.303
1885544.0,1567412244.344
1883152.0,1567412244.385
1881902.0,1567412244.424
1881855.0,1567412244.465
1882629.0,1567412244.506
1884242.0,1567412244.546
1886307.0,1567412244.583
1888018.0,1567412244.625
1890160.0,1567412244.664
1892509.0,1567412244.701
1895749.0,1567412244.743
1899265.0,1567412244.781
1902942.0,1567412244.822
1906834.0,1567412244.863
1910736.0,1567412244.902
1915497.0,1567412244.943
1920870.0,1567412244.977
1925614.0,1567412245.016
1930264.0,1567412245.056
1934342.0,1567412245.097
1940998.0,1567412245.137
1948936.0,1567412245.176
1957520.0,1567412245.217
1960957.0,1567412245.256
1959777.0,1567412245.296
1955966.0,1567412245.338
1952377.0,1567412245.377
1949948.0,1567412245.418
1947864.0,1567412245.459
1946788.0,1567412245.498
1944954.0,1567412245.538
1943318.0,1567412245.579
1942012.0,1567412245.618
1941282.0,1567412245.658
1941152.0,1567412245.7
1941180.0,1567412245.74
1941413.0,1567412245.779
1940189.0,1567412245.821
1938909.0,1567412245.86
1937376.0,1567412245.898
1936056.0,1567412245.936
1934790.0,1567412245.974
1933990.0,1567412246.015
1933700.0,1567412246.055
1932497.0,1567412246.094
1931507.0,1567412246.176
1931865.0,1567412246.135
1931125.0,1567412246.215
1931099.0,1567412246.255
1930860.0,1567412246.296
1931190.0,1567412246.336
1931493.0,1567412246.375
1931848.0,1567412246.416
1932427.0,1567412246.455
1932659.0,1567412246.495
1933139.0,1567412246.537
1923898.0,1567412246.722
1931793.0,1567412246.575
1923345.0,1567412246.761
1927217.0,1567412246.65
1922876.0,1567412246.8
1924670.0,1567412246.84
1930805.0,1567412246.921
1925291.0,1567412246.681
1934182.0,1567412246.961
1942824.0,1567412247.042
1947424.0,1567412247.08
1927132.0,1567412246.882
1951747.0,1567412247.122
1956543.0,1567412247.16
1929376.0,1567412246.615
1938514.0,1567412247.002
1965542.0,1567412247.241
1961137.0,1567412247.2
1965542.0,1567412247.277
1971167.0,1567412247.317
1974309.0,1567412247.358
1977912.0,1567412247.397
1982044.0,1567412247.437
1992652.0,1567412247.557
1993372.0,1567412247.518
1988795.0,1567412247.478
1989796.0,1567412247.598
1980870.0,1567412247.677
1976655.0,1567412247.757
1978078.0,1567412247.719
1975265.0,1567412247.798
1973693.0,1567412247.839
1972329.0,1567412247.878
1970906.0,1567412247.918
1970250.0,1567412247.96
1984391.0,1567412247.637
1969121.0,1567412247.999
1969030.0,1567412248.04
1968317.0,1567412248.081
1967014.0,1567412248.121
1964501.0,1567412248.16
1962692.0,1567412248.202
1960986.0,1567412248.241
1959222.0,1567412248.281
1957930.0,1567412248.323
1956427.0,1567412248.362
1955328.0,1567412248.402
1953910.0,1567412248.443
1953068.0,1567412248.48
1951884.0,1567412248.521
1951457.0,1567412248.561
1951077.0,1567412248.592
1950914.0,1567412248.632
1950888.0,1567412248.673
1950812.0,1567412248.713
1951074.0,1567412248.752
1951609.0,1567412248.793
1951405.0,1567412248.832
1950786.0,1567412248.873
1948087.0,1567412248.914
1946064.0,1567412248.953
1944461.0,1567412248.993
1942953.0,1567412249.034
1942928.0,1567412249.073
1944236.0,1567412249.114
1946710.0,1567412249.154
1949411.0,1567412249.193
1952165.0,1567412249.233
1955415.0,1567412249.274
1958930.0,1567412249.314
1962989.0,1567412249.353
1968289.0,1567412249.395
1972822.0,1567412249.434
1980800.0,1567412249.474
1986382.0,1567412249.516
1994721.0,1567412249.554
2001128.0,1567412249.591
2002858.0,1567412249.625
2000072.0,1567412249.66
1996198.0,1567412249.701
1990958.0,1567412249.742
1987061.0,1567412249.781
1984688.0,1567412249.821
1983202.0,1567412249.862
1981167.0,1567412249.902
1978976.0,1567412249.942
1976979.0,1567412249.983
1975306.0,1567412250.022
1974461.0,1567412250.062
1973617.0,1567412250.104
1973210.0,1567412250.142
1972975.0,1567412250.182
1972852.0,1567412250.223
1972617.0,1567412250.262
1971984.0,1567412250.303
1971139.0,1567412250.343
1970637.0,1567412250.382
1969561.0,1567412250.423
1968366.0,1567412250.464
1966612.0,1567412250.503
1965282.0,1567412250.543
1964141.0,1567412250.584
1963369.0,1567412250.62
1962592.0,1567412250.661
1962199.0,1567412250.703
1962232.0,1567412250.741
1962335.0,1567412250.782
1962382.0,1567412250.823
1962393.0,1567412250.862
1962042.0,1567412250.903
1961994.0,1567412250.942
1962311.0,1567412250.981
1963411.0,1567412251.021
1964571.0,1567412251.062
1966207.0,1567412251.102
1967463.0,1567412251.142
1967793.0,1567412251.183
1967630.0,1567412251.222
1969303.0,1567412251.257
1971563.0,1567412251.298
1972456.0,1567412251.337
1973077.0,1567412251.377
1974349.0,1567412251.418
1975086.0,1567412251.457
1974827.0,1567412251.498
1975254.0,1567412251.538
1976420.0,1567412251.577
1977524.0,1567412251.617
1978392.0,1567412251.658
1981324.0,1567412251.698
1985752.0,1567412251.738
1985945.0,1567412251.779
1990708.0,1567412251.818
1997013.0,1567412251.858
1994062.0,1567412251.9
1987175.0,1567412251.939
1981029.0,1567412251.977
1975815.0,1567412252.016
1970754.0,1567412252.051
1967623.0,1567412252.083
1964238.0,1567412252.124
1961331.0,1567412252.163
1958736.0,1567412252.203
1955624.0,1567412252.245
1953624.0,1567412252.284
1951898.0,1567412252.324
1950570.0,1567412252.365
1949431.0,1567412252.403
1947731.0,1567412252.476
1948538.0,1567412252.443
1947731.0,1567412252.514
1947156.0,1567412252.554
1946596.0,1567412252.595
1945484.0,1567412252.634
1944033.0,1567412252.675
1942162.0,1567412252.716
1940022.0,1567412252.755
1938334.0,1567412252.795
1936677.0,1567412252.836
1935606.0,1567412252.876
1934988.0,1567412252.915
1934400.0,1567412252.957
1933522.0,1567412252.995
1933050.0,1567412253.035
1932957.0,1567412253.077
1932767.0,1567412253.115
1933270.0,1567412253.155
1933416.0,1567412253.198
1933967.0,1567412253.233
1934170.0,1567412253.267
1934805.0,1567412253.308
1935245.0,1567412253.345
1935345.0,1567412253.382
1935646.0,1567412253.423
1935913.0,1567412253.463
1937104.0,1567412253.503
1939257.0,1567412253.544
1942944.0,1567412253.583
1946711.0,1567412253.624
1950502.0,1567412253.666
1953798.0,1567412253.704
1956718.0,1567412253.742
1959784.0,1567412253.783
1962629.0,1567412253.817
1964871.0,1567412253.858
1967100.0,1567412253.899
1969149.0,1567412253.938
1971441.0,1567412253.978
1972848.0,1567412254.019
1974503.0,1567412254.059
1975447.0,1567412254.098
1974735.0,1567412254.139
1973415.0,1567412254.178
1971470.0,1567412254.26
1972029.0,1567412254.218
1970756.0,1567412254.298
1969831.0,1567412254.338
1969483.0,1567412254.38
1969119.0,1567412254.419
1969053.0,1567412254.459
1969116.0,1567412254.499
1969766.0,1567412254.535
1970313.0,1567412254.576
1972174.0,1567412254.611
1974806.0,1567412254.646
1978448.0,1567412254.684
1981969.0,1567412254.725
1986136.0,1567412254.764
1990296.0,1567412254.805
1992082.0,1567412254.847
1992883.0,1567412254.885
1993884.0,1567412254.929
1994833.0,1567412254.965
1996046.0,1567412255.004
1996843.0,1567412255.045
1997546.0,1567412255.086
2002589.0,1567412255.124
2002589.0,1567412255.155
2007658.0,1567412255.196
2013785.0,1567412255.236
2016855.0,1567412255.275
2016615.0,1567412255.317
2014145.0,1567412255.356
2011719.0,1567412255.396
2008763.0,1567412255.437
2006892.0,1567412255.476
2004175.0,1567412255.516
2003036.0,1567412255.557
2000823.0,1567412255.596
1997387.0,1567412255.637
1993365.0,1567412255.677
1989915.0,1567412255.716
1987580.0,1567412255.756
1985189.0,1567412255.797
1983068.0,1567412255.83
1981417.0,1567412255.871
1979777.0,1567412255.907
1977948.0,1567412255.943
1976521.0,1567412255.984
1975305.0,1567412256.027
1974487.0,1567412256.064
1974137.0,1567412256.104
1973817.0,1567412256.146
1973288.0,1567412256.185
1973023.0,1567412256.226
1972834.0,1567412256.266
1972752.0,1567412256.304
1971995.0,1567412256.344
1970133.0,1567412256.385
1968802.0,1567412256.425
1967687.0,1567412256.458
1966530.0,1567412256.499
1965530.0,1567412256.539
1964589.0,1567412256.579
1963955.0,1567412256.62
1963449.0,1567412256.659
1962959.0,1567412256.699
1962634.0,1567412256.74
1962721.0,1567412256.779
1963250.0,1567412256.82
1963981.0,1567412256.862
1965432.0,1567412256.901
1967314.0,1567412256.941
1969098.0,1567412256.982
1971871.0,1567412257.103
1970891.0,1567412257.062
1970728.0,1567412257.022
1972148.0,1567412257.142
1972630.0,1567412257.182
1972688.0,1567412257.224
1974753.0,1567412257.262
1977041.0,1567412257.294
1978972.0,1567412257.33
1982656.0,1567412257.367
1986788.0,1567412257.408
1991282.0,1567412257.449
1990381.0,1567412257.488
1996420.0,1567412257.523
1996420.0,1567412257.564
2001015.0,1567412257.604
1996008.0,1567412257.644
1990239.0,1567412257.685
1988778.0,1567412257.724
1985451.0,1567412257.764
1981557.0,1567412257.806
1978083.0,1567412257.844
1973666.0,1567412257.884
1969458.0,1567412257.925
1966162.0,1567412257.964
1963040.0,1567412258.005
1960409.0,1567412258.045
1958551.0,1567412258.084
1956167.0,1567412258.125
1954070.0,1567412258.166
1952520.0,1567412258.205
1950993.0,1567412258.245
1950121.0,1567412258.286
1949667.0,1567412258.325
1949100.0,1567412258.365
1948791.0,1567412258.407
1948909.0,1567412258.445
1948464.0,1567412258.485
1947385.0,1567412258.526
1944531.0,1567412258.565
1941851.0,1567412258.606
1939461.0,1567412258.647
1937374.0,1567412258.686
1935727.0,1567412258.726
1934549.0,1567412258.767
1931930.0,1567412258.846
1933270.0,1567412258.806
1930725.0,1567412258.888
1929976.0,1567412258.926
1929572.0,1567412258.966
1929601.0,1567412259.008
1929670.0,1567412259.046
1931118.0,1567412259.127
1932911.0,1567412259.166
1929980.0,1567412259.086
1933874.0,1567412259.207
1936204.0,1567412259.247
1937881.0,1567412259.287
1941049.0,1567412259.368
1938898.0,1567412259.327
1944027.0,1567412259.447
1946228.0,1567412259.488
1942304.0,1567412259.407
1948727.0,1567412259.527
1951358.0,1567412259.567
1953973.0,1567412259.609
1956093.0,1567412259.647
1958484.0,1567412259.687
1960280.0,1567412259.728
1961517.0,1567412259.767
1963494.0,1567412259.808
1968765.0,1567412259.848
1973538.0,1567412259.887
1980678.0,1567412259.927
1986519.0,1567412259.969
1985983.0,1567412260.008
1980340.0,1567412260.048
1974524.0,1567412260.089
1969268.0,1567412260.128
1964078.0,1567412260.168
1960004.0,1567412260.21
1957198.0,1567412260.248
1953839.0,1567412260.288
1951063.0,1567412260.329
1948691.0,1567412260.368
1946836.0,1567412260.409
1945231.0,1567412260.449
1944092.0,1567412260.488
1943520.0,1567412260.528
1942803.0,1567412260.569
1942317.0,1567412260.609
1941679.0,1567412260.648
1941062.0,1567412260.69
1939927.0,1567412260.729
1938617.0,1567412260.769
1937396.0,1567412260.811
1936389.0,1567412260.849
1935637.0,1567412260.89
1935107.0,1567412260.93
1934730.0,1567412260.969
1934406.0,1567412261.01
1934517.0,1567412261.05
1934873.0,1567412261.089
1935043.0,1567412261.129
1936152.0,1567412261.17
1936038.0,1567412261.21
1937046.0,1567412261.25
1937674.0,1567412261.291
1938521.0,1567412261.33
1939947.0,1567412261.37
1941164.0,1567412261.412
1940999.0,1567412261.45
1941050.0,1567412261.49
1941303.0,1567412261.531
1942625.0,1567412261.57
1943594.0,1567412261.611
1946088.0,1567412261.651
1948105.0,1567412261.69
1952288.0,1567412261.73
1955184.0,1567412261.771
1957239.0,1567412261.811
1960102.0,1567412261.851
1963259.0,1567412261.892
1966566.0,1567412261.931
1969979.0,1567412261.971
1973584.0,1567412262.013
1977373.0,1567412262.051
1980146.0,1567412262.091
1981707.0,1567412262.132
1980732.0,1567412262.171
1979127.0,1567412262.212
1978458.0,1567412262.252
1978811.0,1567412262.291
1979312.0,1567412262.331
1980609.0,1567412262.372
1982393.0,1567412262.412
1983387.0,1567412262.452
1984292.0,1567412262.493
1985884.0,1567412262.532
1988946.0,1567412262.572
1992767.0,1567412262.614
1994928.0,1567412262.652
2002229.0,1567412262.692
2008067.0,1567412262.733
2008131.0,1567412262.772
2003820.0,1567412262.813
2002552.0,1567412262.853
1999069.0,1567412262.892
1994797.0,1567412262.932
1992773.0,1567412262.973
1989924.0,1567412263.013
1987463.0,1567412263.053
1986398.0,1567412263.093
1984771.0,1567412263.13
1983774.0,1567412263.171
1982695.0,1567412263.213
1981133.0,1567412263.251
1980558.0,1567412263.291
1980172.0,1567412263.333
1979707.0,1567412263.372
1979678.0,1567412263.413
1979812.0,1567412263.453
1979865.0,1567412263.49
1980043.0,1567412263.531
1980274.0,1567412263.572
1979533.0,1567412263.612
1977633.0,1567412263.647
1973174.0,1567412263.727
1975365.0,1567412263.688
1971275.0,1567412263.767
1969917.0,1567412263.809
1968833.0,1567412263.847
1968034.0,1567412263.888
1965693.0,1567412263.967
1966669.0,1567412263.928
1965364.0,1567412264.008
1964752.0,1567412264.049
1964938.0,1567412264.088
1964746.0,1567412264.128
1965209.0,1567412264.169
1965346.0,1567412264.209
1966356.0,1567412264.248
1966451.0,1567412264.289
1966238.0,1567412264.328
1965284.0,1567412264.369
1963575.0,1567412264.411
1963287.0,1567412264.45
1963711.0,1567412264.491
1964551.0,1567412264.532
1966362.0,1567412264.571
1968173.0,1567412264.612
1970375.0,1567412264.653
1973826.0,1567412264.692
1976034.0,1567412264.732
1980467.0,1567412264.774
1983915.0,1567412264.813
1987389.0,1567412264.853
1990982.0,1567412264.892
1994841.0,1567412264.932
1997855.0,1567412264.972
2001642.0,1567412265.014
2005515.0,1567412265.052
2008703.0,1567412265.093
2010723.0,1567412265.134
2012372.0,1567412265.164
2013843.0,1567412265.205
2014979.0,1567412265.245
2016922.0,1567412265.284
2019388.0,1567412265.325
2021780.0,1567412265.366
2024679.0,1567412265.405
2028162.0,1567412265.445
2031597.0,1567412265.486
2033847.0,1567412265.525
2036457.0,1567412265.565
2039219.0,1567412265.607
2041777.0,1567412265.645
2044144.0,1567412265.685
2046868.0,1567412265.726
2049195.0,1567412265.765
2051900.0,1567412265.806
2054280.0,1567412265.84
2055418.0,1567412265.878
2055271.0,1567412265.911
2054367.0,1567412265.952
2053870.0,1567412265.992
2051258.0,1567412266.032
2048422.0,1567412266.073
2045830.0,1567412266.112
2045520.0,1567412266.152
2046166.0,1567412266.194
2047126.0,1567412266.233
2046989.0,1567412266.273
2046475.0,1567412266.314
2046540.0,1567412266.353
2046867.0,1567412266.394
2047046.0,1567412266.434
2050561.0,1567412266.473
2050753.0,1567412266.513
2055153.0,1567412266.555
2059757.0,1567412266.594
2059537.0,1567412266.634
2050731.0,1567412266.675
2042887.0,1567412266.714
2036408.0,1567412266.754
2029876.0,1567412266.796
2025156.0,1567412266.834
2021720.0,1567412266.874
2018257.0,1567412266.915
2014742.0,1567412266.954
2011860.0,1567412266.992
2008697.0,1567412267.033
2007570.0,1567412267.072
2006324.0,1567412267.112
2005367.0,1567412267.153
2004870.0,1567412267.193
2004065.0,1567412267.233
2003591.0,1567412267.274
2003771.0,1567412267.313
2003779.0,1567412267.352
2003781.0,1567412267.394
2002729.0,1567412267.429
2000835.0,1567412267.469
1999061.0,1567412267.51
1997966.0,1567412267.549
1996883.0,1567412267.59
1996550.0,1567412267.63
1996756.0,1567412267.669
1996564.0,1567412267.709
1996775.0,1567412267.75
1996943.0,1567412267.79
1997220.0,1567412267.829
1998090.0,1567412267.872
1998907.0,1567412267.91
2000949.0,1567412267.95
2002586.0,1567412267.991
2005070.0,1567412268.03
2007405.0,1567412268.07
2010888.0,1567412268.11
2014520.0,1567412268.15
2017210.0,1567412268.191
2020483.0,1567412268.231
2024499.0,1567412268.27
2028576.0,1567412268.312
2034277.0,1567412268.353
2038884.0,1567412268.393
2045017.0,1567412268.432
2048115.0,1567412268.475
2046235.0,1567412268.514
2039182.0,1567412268.554
2035791.0,1567412268.596
2032765.0,1567412268.634
2029451.0,1567412268.674
2028667.0,1567412268.715
2028333.0,1567412268.754
2026321.0,1567412268.795
2026580.0,1567412268.833
2025464.0,1567412268.872
2023456.0,1567412268.913
2021688.0,1567412268.954
2017144.0,1567412269.113
2016437.0,1567412269.153
2019111.0,1567412269.033
2017847.0,1567412269.074
2020798.0,1567412268.993
2015357.0,1567412269.195
2015166.0,1567412269.233
2014809.0,1567412269.271
2014262.0,1567412269.312
2014289.0,1567412269.351
2014156.0,1567412269.392
2014513.0,1567412269.433
2014510.0,1567412269.472
2014885.0,1567412269.512
2015268.0,1567412269.553
2015176.0,1567412269.589
2014203.0,1567412269.628
2012738.0,1567412269.67
2011178.0,1567412269.709
2009704.0,1567412269.749
2008291.0,1567412269.79
2007457.0,1567412269.829
2007227.0,1567412269.87
2007654.0,1567412269.91
2007750.0,1567412269.949
2007769.0,1567412269.99
2006565.0,1567412270.03
2007663.0,1567412270.069
2008298.0,1567412270.109
2008251.0,1567412270.15
2008733.0,1567412270.19
2010251.0,1567412270.23
2012104.0,1567412270.271
2013664.0,1567412270.311
2015727.0,1567412270.351
2015866.0,1567412270.393
2015159.0,1567412270.431
2015822.0,1567412270.471
2015474.0,1567412270.513
2017477.0,1567412270.552
2017789.0,1567412270.593
2019280.0,1567412270.634
2021333.0,1567412270.673
2025270.0,1567412270.713
2028551.0,1567412270.752
2029108.0,1567412270.792
2037189.0,1567412270.829
2040818.0,1567412270.87
2037161.0,1567412270.909
2033883.0,1567412270.949
2031441.0,1567412270.991
2028559.0,1567412271.029
2024593.0,1567412271.11
2020388.0,1567412271.19
2017679.0,1567412271.231
2016070.0,1567412271.27
2022675.0,1567412271.149
2027571.0,1567412271.069
2014356.0,1567412271.31
2011383.0,1567412271.391
2008517.0,1567412271.471
2008185.0,1567412271.51
2009726.0,1567412271.43
2012565.0,1567412271.351
2007106.0,1567412271.551
2006921.0,1567412271.594
2006565.0,1567412271.632
2006595.0,1567412271.672
2006436.0,1567412271.713
2006954.0,1567412271.793
2006619.0,1567412271.752
2006336.0,1567412271.834
2004853.0,1567412271.874
2003075.0,1567412271.913
2001856.0,1567412271.955
2000513.0,1567412271.994
1999434.0,1567412272.034
1998550.0,1567412272.073
1997857.0,1567412272.112
1997411.0,1567412272.146
1996397.0,1567412272.188
1996089.0,1567412272.227
1996463.0,1567412272.267
1996770.0,1567412272.308
1997912.0,1567412272.347
1998706.0,1567412272.388
1999131.0,1567412272.428
2000419.0,1567412272.467
2001635.0,1567412272.507
2002849.0,1567412272.548
2002983.0,1567412272.588
2002283.0,1567412272.627
1999549.0,1567412272.669
1997751.0,1567412272.708
1997052.0,1567412272.748
1997253.0,1567412272.79
1998130.0,1567412272.829
1998961.0,1567412272.866
2002767.0,1567412272.902
2004742.0,1567412272.935
2007238.0,1567412272.974
2013887.0,1567412273.015
2016717.0,1567412273.054
2013536.0,1567412273.094
2008598.0,1567412273.136
2008026.0,1567412273.176
2006388.0,1567412273.215
2004750.0,1567412273.257
2003812.0,1567412273.294
2001695.0,1567412273.334
1998173.0,1567412273.376
1995494.0,1567412273.415
1993377.0,1567412273.455
1991083.0,1567412273.496
1989166.0,1567412273.535
1988187.0,1567412273.576
1986736.0,1567412273.617
1985450.0,1567412273.653
1984665.0,1567412273.693
1983874.0,1567412273.734
1983627.0,1567412273.774
1983032.0,1567412273.813
1982820.0,1567412273.855
1983323.0,1567412273.893
1983526.0,1567412273.933
1983797.0,1567412273.975
1984030.0,1567412274.014
1980589.0,1567412274.095
1975820.0,1567412274.175
1977992.0,1567412274.134
1973719.0,1567412274.215
1972018.0,1567412274.254
1983286.0,1567412274.054
1969945.0,1567412274.335
1970903.0,1567412274.294
1967782.0,1567412274.415
1968552.0,1567412274.376
1967173.0,1567412274.457
1967225.0,1567412274.496
1968336.0,1567412274.578
1967763.0,1567412274.536
1969382.0,1567412274.614
1970624.0,1567412274.655
1972067.0,1567412274.696
1973397.0,1567412274.735
1974807.0,1567412274.776
1975088.0,1567412274.817
1973958.0,1567412274.856
1973582.0,1567412274.895
1973582.0,1567412274.928
1974904.0,1567412274.967
1977439.0,1567412275.007
1980355.0,1567412275.048
1982440.0,1567412275.087
1987813.0,1567412275.127
1988688.0,1567412275.169
1984884.0,1567412275.207
1982690.0,1567412275.247
1982213.0,1567412275.288
1980099.0,1567412275.327
1979313.0,1567412275.368
1979066.0,1567412275.408
1978503.0,1567412275.447
1977436.0,1567412275.487
1977903.0,1567412275.528
1977471.0,1567412275.568
1975342.0,1567412275.6
1972977.0,1567412275.633
1970309.0,1567412275.672
1967911.0,1567412275.712
1966383.0,1567412275.753
1964767.0,1567412275.792
1963748.0,1567412275.833
1962634.0,1567412275.873
1962136.0,1567412275.912
1961095.0,1567412275.953
1960913.0,1567412275.993
1960978.0,1567412276.033
1961390.0,1567412276.073
1961845.0,1567412276.114
1962245.0,1567412276.153
1962781.0,1567412276.193
1963188.0,1567412276.234
1963732.0,1567412276.273
1964523.0,1567412276.313
1963995.0,1567412276.355
1961718.0,1567412276.393
1959727.0,1567412276.433
1958097.0,1567412276.474
1956840.0,1567412276.513
1955879.0,1567412276.554
1955258.0,1567412276.594
1955116.0,1567412276.633
1954836.0,1567412276.673
1954962.0,1567412276.715
1955852.0,1567412276.754
1956923.0,1567412276.794
1959538.0,1567412276.835
1961115.0,1567412276.874
1963698.0,1567412276.914
1966189.0,1567412276.956
1969329.0,1567412276.994
1972814.0,1567412277.034
1975889.0,1567412277.075
1978228.0,1567412277.114
1978467.0,1567412277.155
1978186.0,1567412277.195
1977368.0,1567412277.234
1976930.0,1567412277.274
1978144.0,1567412277.316
1981113.0,1567412277.355
1984228.0,1567412277.395
1986013.0,1567412277.436
1992646.0,1567412277.475
1995684.0,1567412277.515
1992580.0,1567412277.557
1987689.0,1567412277.595
1984892.0,1567412277.635
1982947.0,1567412277.676
1980561.0,1567412277.715
1979523.0,1567412277.756
1978331.0,1567412277.796
1976266.0,1567412277.835
1976679.0,1567412277.875
1974914.0,1567412277.916
1971788.0,1567412277.956
1969632.0,1567412277.996
1967879.0,1567412278.037
1965647.0,1567412278.076
1964594.0,1567412278.116
1963526.0,1567412278.158
1962233.0,1567412278.196
1961319.0,1567412278.236
1960474.0,1567412278.277
1959988.0,1567412278.316
1960142.0,1567412278.357
1959970.0,1567412278.397
1959863.0,1567412278.436
1959797.0,1567412278.476
1959814.0,1567412278.518
1960352.0,1567412278.557
1960817.0,1567412278.597
1961001.0,1567412278.638
1959520.0,1567412278.677
1957591.0,1567412278.717
1955958.0,1567412278.759
1954522.0,1567412278.797
1953039.0,1567412278.838
1952246.0,1567412278.878
1951725.0,1567412278.917
1951287.0,1567412278.958
1950618.0,1567412278.998
1950519.0,1567412279.037
1951017.0,1567412279.078
1951836.0,1567412279.119
1953036.0,1567412279.158
1954265.0,1567412279.198
1955377.0,1567412279.239
1957257.0,1567412279.278
1959355.0,1567412279.318
1960733.0,1567412279.36
1961499.0,1567412279.398
1960573.0,1567412279.438
1959133.0,1567412279.479
1958494.0,1567412279.518
1958659.0,1567412279.559
1958941.0,1567412279.6
1960249.0,1567412279.639
1963181.0,1567412279.679
1965727.0,1567412279.72
1972015.0,1567412279.76
1975459.0,1567412279.799
1979888.0,1567412279.84
1985362.0,1567412279.879
1985387.0,1567412279.919
1979700.0,1567412279.961
1976437.0,1567412279.999
1973805.0,1567412280.039
1971569.0,1567412280.081
1970518.0,1567412280.12
1968918.0,1567412280.16
1965430.0,1567412280.201
1961755.0,1567412280.24
1958085.0,1567412280.28
1954850.0,1567412280.321
1952279.0,1567412280.361
1950191.0,1567412280.4
1948024.0,1567412280.441
1946066.0,1567412280.48
1944160.0,1567412280.52
1942849.0,1567412280.562
1941950.0,1567412280.6
1941521.0,1567412280.64
1941244.0,1567412280.682
1941481.0,1567412280.721
1941878.0,1567412280.761
1941920.0,1567412280.86
1942124.0,1567412280.9
1942730.0,1567412280.939
1943145.0,1567412280.98
1942044.0,1567412281.02
1939885.0,1567412281.059
1938084.0,1567412281.1
1936884.0,1567412281.139
1935749.0,1567412281.179
1934852.0,1567412281.221
1934220.0,1567412281.259
1933601.0,1567412281.3
1933307.0,1567412281.341
1933642.0,1567412281.38
1935049.0,1567412281.42
1936694.0,1567412281.461
1938863.0,1567412281.5
1942044.0,1567412281.54
1945322.0,1567412281.581
1949221.0,1567412281.621
1953365.0,1567412281.66
1958008.0,1567412281.701
1961503.0,1567412281.74
1964479.0,1567412281.78
1967340.0,1567412281.822
1970678.0,1567412281.861
1974826.0,1567412281.901
1979401.0,1567412281.942
1985168.0,1567412281.981
1991140.0,1567412282.022
1998434.0,1567412282.062
2005996.0,1567412282.101
2014701.0,1567412282.141
2021134.0,1567412282.182
2023790.0,1567412282.223
2019341.0,1567412282.258
2016862.0,1567412282.297
2016514.0,1567412282.336
2015900.0,1567412282.376
2015751.0,1567412282.418
2015932.0,1567412282.457
2016343.0,1567412282.497
2014837.0,1567412282.538
2013780.0,1567412282.577
2012291.0,1567412282.618
2010677.0,1567412282.657
2009784.0,1567412282.696
2009028.0,1567412282.736
2008009.0,1567412282.778
2007191.0,1567412282.818
2006687.0,1567412282.857
2006321.0,1567412282.899
2006161.0,1567412282.939
2006410.0,1567412282.976
2006299.0,1567412283.018
2006382.0,1567412283.046
2006721.0,1567412283.086
2006335.0,1567412283.128
2006742.0,1567412283.167
2006779.0,1567412283.207
2005059.0,1567412283.248
2002926.0,1567412283.287
2000655.0,1567412283.327
1998749.0,1567412283.368
1995413.0,1567412283.447
1996808.0,1567412283.408
1994501.0,1567412283.488
1993544.0,1567412283.527
1992576.0,1567412283.567
1991628.0,1567412283.609
1990888.0,1567412283.648
1991426.0,1567412283.688
1990816.0,1567412283.729
1991641.0,1567412283.803
1991102.0,1567412283.769
1993187.0,1567412283.843
1994136.0,1567412283.879
1994888.0,1567412283.918
1995169.0,1567412283.959
1995017.0,1567412283.999
1993365.0,1567412284.038
1991682.0,1567412284.08
1991288.0,1567412284.119
1991227.0,1567412284.158
1991227.0,1567412284.195
1995707.0,1567412284.233
1995869.0,1567412284.273
2000294.0,1567412284.314
2004766.0,1567412284.353
2002201.0,1567412284.394
1997382.0,1567412284.435
1994993.0,1567412284.474
1992164.0,1567412284.514
1989869.0,1567412284.555
1989512.0,1567412284.595
1988810.0,1567412284.634
1987838.0,1567412284.675
1987107.0,1567412284.714
1985842.0,1567412284.754
1982586.0,1567412284.796
1979709.0,1567412284.834
1977148.0,1567412284.875
1974250.0,1567412284.921
1972271.0,1567412284.956
1970842.0,1567412284.997
1969550.0,1567412285.038
1968463.0,1567412285.078
1967549.0,1567412285.118
1966892.0,1567412285.159
1966400.0,1567412285.199
1966444.0,1567412285.239
1966405.0,1567412285.28
1966292.0,1567412285.319
1966416.0,1567412285.36
1966367.0,1567412285.402
1966830.0,1567412285.44
1966881.0,1567412285.477
1965767.0,1567412285.51
1963593.0,1567412285.549
1961506.0,1567412285.59
1959564.0,1567412285.631
1957990.0,1567412285.67
1956718.0,1567412285.71
1956274.0,1567412285.751
1955896.0,1567412285.791
1955851.0,1567412285.83
1956912.0,1567412285.871
1958330.0,1567412285.91
1959891.0,1567412285.95
1963232.0,1567412285.992
1966355.0,1567412286.03
1970254.0,1567412286.07
1973081.0,1567412286.112
1976273.0,1567412286.151
1979510.0,1567412286.188
1982512.0,1567412286.222
1984570.0,1567412286.258
1985506.0,1567412286.298
1985759.0,1567412286.339
1985327.0,1567412286.379
1985455.0,1567412286.419
1985436.0,1567412286.46
1987156.0,1567412286.54
1985992.0,1567412286.499
1988510.0,1567412286.582
1994867.0,1567412286.658
1997658.0,1567412286.7
2002884.0,1567412286.738
2003403.0,1567412286.779
1992102.0,1567412286.859
1998247.0,1567412286.82
1992767.0,1567412286.618
1989275.0,1567412286.899
1985749.0,1567412286.94
1983241.0,1567412286.98
1980813.0,1567412287.019
1978172.0,1567412287.06
1973918.0,1567412287.099
1969845.0,1567412287.139
1965957.0,1567412287.181
1962982.0,1567412287.219
1960138.0,1567412287.259
1958270.0,1567412287.301
1956761.0,1567412287.34
1954922.0,1567412287.38
1953503.0,1567412287.421
1951901.0,1567412287.5
1952533.0,1567412287.46
1952203.0,1567412287.541
1953165.0,1567412287.579
1954860.0,1567412287.619
1956380.0,1567412287.66
1957650.0,1567412287.699
1959707.0,1567412287.74
1961761.0,1567412287.782
1962832.0,1567412287.82
1962149.0,1567412287.9
1962246.0,1567412287.939
1962632.0,1567412287.862
1962270.0,1567412287.972
1962527.0,1567412288.012
1963164.0,1567412288.051
1963857.0,1567412288.091
1964362.0,1567412288.132
1965163.0,1567412288.172
1966001.0,1567412288.211
1967342.0,1567412288.253
1969790.0,1567412288.292
1972163.0,1567412288.332
1975602.0,1567412288.373
1979823.0,1567412288.412
1984486.0,1567412288.452
1988843.0,1567412288.493
1993127.0,1567412288.532
1996461.0,1567412288.573
1999519.0,1567412288.613
2002705.0,1567412288.653
2005937.0,1567412288.689
2009120.0,1567412288.73
2012425.0,1567412288.762
2016102.0,1567412288.802
2018968.0,1567412288.841
2021591.0,1567412288.88
2024152.0,1567412288.921
2027182.0,1567412288.963
2030065.0,1567412289.001
2033010.0,1567412289.042
2037619.0,1567412289.083
2039024.0,1567412289.122
2038548.0,1567412289.16
2038548.0,1567412289.197
2035956.0,1567412289.236
2036001.0,1567412289.276
2037636.0,1567412289.317
2036927.0,1567412289.357
2034820.0,1567412289.396
2031722.0,1567412289.437
2028148.0,1567412289.477
2026414.0,1567412289.517
2026414.0,1567412289.558
2026056.0,1567412289.597
2026989.0,1567412289.637
2028406.0,1567412289.678
2031820.0,1567412289.717
2035037.0,1567412289.758
2035747.0,1567412289.798
2040887.0,1567412289.837
2042346.0,1567412289.879
2036863.0,1567412289.92
2027186.0,1567412289.96
2025422.0,1567412290.0
2023073.0,1567412290.041
2020499.0,1567412290.081
2018188.0,1567412290.121
2015109.0,1567412290.163
2010427.0,1567412290.201
2007525.0,1567412290.242
2003795.0,1567412290.283
2000788.0,1567412290.322
1998692.0,1567412290.363
1996460.0,1567412290.404
1994037.0,1567412290.443
1991962.0,1567412290.483
1989932.0,1567412290.524
1988244.0,1567412290.564
1986926.0,1567412290.603
1985946.0,1567412290.644
1984636.0,1567412290.683
1983897.0,1567412290.724
1984147.0,1567412290.765
1984647.0,1567412290.804
1985714.0,1567412290.845
1986586.0,1567412290.885
1985236.0,1567412290.924
1984617.0,1567412290.965
1984694.0,1567412291.005
1984383.0,1567412291.044
1984827.0,1567412291.084
1985302.0,1567412291.124
1985433.0,1567412291.163
1985844.0,1567412291.203
1986154.0,1567412291.244
1986895.0,1567412291.282
1987884.0,1567412291.322
1990128.0,1567412291.402
1988947.0,1567412291.364
1991839.0,1567412291.443
1994136.0,1567412291.484
1995903.0,1567412291.523
1998601.0,1567412291.564
2002611.0,1567412291.642
2001458.0,1567412291.605
2002245.0,1567412291.682
2001883.0,1567412291.724
2002024.0,1567412291.763
2001441.0,1567412291.803
2001097.0,1567412291.884
2001308.0,1567412291.844
2001677.0,1567412291.924
2002557.0,1567412291.953
2004287.0,1567412291.992
2008251.0,1567412292.032
2009755.0,1567412292.073
2014407.0,1567412292.112
2016871.0,1567412292.152
2016029.0,1567412292.193
2012955.0,1567412292.232
2012574.0,1567412292.272
2012587.0,1567412292.313
2011279.0,1567412292.353
2009035.0,1567412292.392
2006143.0,1567412292.433
2003327.0,1567412292.472
2001455.0,1567412292.512
1999831.0,1567412292.554
1998267.0,1567412292.592
1997318.0,1567412292.633
1997327.0,1567412292.668
1996580.0,1567412292.704
1995847.0,1567412292.742
1996120.0,1567412292.781
1996098.0,1567412292.82
1996152.0,1567412292.859
1996695.0,1567412292.898
1997419.0,1567412292.937
1997741.0,1567412292.976
1998207.0,1567412293.015
1998752.0,1567412293.054
1998462.0,1567412293.093
1996669.0,1567412293.132
1994790.0,1567412293.171
1993394.0,1567412293.21
1992256.0,1567412293.249
1991268.0,1567412293.288
1990674.0,1567412293.327
1990282.0,1567412293.366
1989884.0,1567412293.405
1989071.0,1567412293.444
1988963.0,1567412293.483
1988922.0,1567412293.522
1989449.0,1567412293.561
1990114.0,1567412293.6
1991080.0,1567412293.639
1992209.0,1567412293.678
1993129.0,1567412293.717
1995440.0,1567412293.756
1997212.0,1567412293.795
1997567.0,1567412293.834
1997535.0,1567412293.873
1998420.0,1567412293.912
1999902.0,1567412293.951
2001681.0,1567412293.99
2003889.0,1567412294.029
2005596.0,1567412294.068
2006136.0,1567412294.107
2005686.0,1567412294.146
2005446.0,1567412294.185
2005130.0,1567412294.224
2006300.0,1567412294.263
2008776.0,1567412294.302
2015352.0,1567412294.38
2016582.0,1567412294.419
2021945.0,1567412294.458
2021945.0,1567412294.497
2024751.0,1567412294.536
2021465.0,1567412294.575
2015764.0,1567412294.614
2012922.0,1567412294.653
2011202.0,1567412294.341
2010719.0,1567412294.692
2009497.0,1567412294.731
2006804.0,1567412294.77
2007129.0,1567412294.809
2005732.0,1567412294.848
2004108.0,1567412294.887
2003471.0,1567412294.926
2003361.0,1567412294.965
2002993.0,1567412295.004
2002896.0,1567412295.043
2003386.0,1567412295.121
2002940.0,1567412295.16
2003248.0,1567412295.199
2002810.0,1567412295.238
2000911.0,1567412295.277
1998687.0,1567412295.316
2003129.0,1567412295.082
1992866.0,1567412295.433
1994563.0,1567412295.394
1996447.0,1567412295.355
1991615.0,1567412295.472
1990776.0,1567412295.511
1989599.0,1567412295.55
1988090.0,1567412295.589
1987487.0,1567412295.628
1986708.0,1567412295.667
1986762.0,1567412295.706
1986539.0,1567412295.745
1986386.0,1567412295.784
1986594.0,1567412295.823
1986885.0,1567412295.862
1986842.0,1567412295.901
1987303.0,1567412295.94
1986685.0,1567412295.979
1984689.0,1567412296.018
1983536.0,1567412296.057
1982278.0,1567412296.096
1981461.0,1567412296.135
1981255.0,1567412296.174
1982127.0,1567412296.213
1982185.0,1567412296.252
1982492.0,1567412296.291
1982861.0,1567412296.33
1984349.0,1567412296.369
1985889.0,1567412296.408
1988430.0,1567412296.447
1990037.0,1567412296.486
1991730.0,1567412296.525
1993494.0,1567412296.564
1995640.0,1567412296.603
1996163.0,1567412296.642
1996348.0,1567412296.681
1995640.0,1567412296.72
1994529.0,1567412296.759
1994086.0,1567412296.798
1993420.0,1567412296.837
1993867.0,1567412296.876
1994752.0,1567412296.915
1999475.0,1567412296.954
2002777.0,1567412296.993
2007551.0,1567412297.032
2013560.0,1567412297.071
2015598.0,1567412297.11
2013162.0,1567412297.149
2008932.0,1567412297.188
2007687.0,1567412297.227
2007616.0,1567412297.266
2007538.0,1567412297.305
2007678.0,1567412297.344
2008076.0,1567412297.383
2005721.0,1567412297.422
2004079.0,1567412297.461
2002240.0,1567412297.5
2000835.0,1567412297.539
1999501.0,1567412297.578
1998867.0,1567412297.617
1997857.0,1567412297.656
1996678.0,1567412297.695
1995684.0,1567412297.734
1995150.0,1567412297.773
1994727.0,1567412297.812
1994626.0,1567412297.851
1994609.0,1567412297.89
1995212.0,1567412297.929
1995286.0,1567412297.969
1995355.0,1567412298.009
1995674.0,1567412298.049
1996007.0,1567412298.089
1995135.0,1567412298.129
1992902.0,1567412298.169
1990956.0,1567412298.209
1989299.0,1567412298.249
1987949.0,1567412298.289
1986974.0,1567412298.329
1986126.0,1567412298.369
1985561.0,1567412298.409
1984799.0,1567412298.449
1984433.0,1567412298.489
1984932.0,1567412298.529
1985434.0,1567412298.569
1985931.0,1567412298.609
1987463.0,1567412298.649
1988879.0,1567412298.689
1990115.0,1567412298.729
1990686.0,1567412298.769
1992180.0,1567412298.809
1993762.0,1567412298.849
1993299.0,1567412298.889
1992389.0,1567412298.929
1992020.0,1567412298.969
1991939.0,1567412299.009
1993676.0,1567412299.049
1997198.0,1567412299.089
2003636.0,1567412299.129
2003341.0,1567412299.169
2008742.0,1567412299.209
2012756.0,1567412299.249
2011456.0,1567412299.289
2008981.0,1567412299.329
2008622.0,1567412299.369
2008314.0,1567412299.409
2007125.0,1567412299.449
2007280.0,1567412299.489
2007221.0,1567412299.529
2006805.0,1567412299.569
2006147.0,1567412299.609
2004600.0,1567412299.649
2002754.0,1567412299.689
2001289.0,1567412299.729
2000913.0,1567412299.769
1999769.0,1567412299.809
1999011.0,1567412299.849
1998579.0,1567412299.889
1997976.0,1567412299.929
1997612.0,1567412299.969
1997472.0,1567412300.009
1997525.0,1567412300.049
1997867.0,1567412300.089
1998224.0,1567412300.129
1998520.0,1567412300.169
1998611.0,1567412300.209
1999274.0,1567412300.249
1999691.0,1567412300.289
1999978.0,1567412300.329
1998295.0,1567412300.369
1996454.0,1567412300.409
1995629.0,1567412300.449
1994458.0,1567412300.489
1993429.0,1567412300.529
1993000.0,1567412300.569
1993020.0,1567412300.609
1992789.0,1567412300.649
1993075.0,1567412300.689
1993902.0,1567412300.729
1994320.0,1567412300.769
1995877.0,1567412300.809
1997645.0,1567412300.849
1999347.0,1567412300.889
2000164.0,1567412300.929
2001653.0,1567412300.969
2003540.0,1567412301.009
2004904.0,1567412301.049
2006302.0,1567412301.089
2008281.0,1567412301.129
2012429.0,1567412301.169
2012549.0,1567412301.209
2013707.0,1567412301.249
2018199.0,1567412301.289
2017059.0,1567412301.329
2014015.0,1567412301.369
2012866.0,1567412301.409
2010604.0,1567412301.449
2008884.0,1567412301.489
2008943.0,1567412301.529
2008882.0,1567412301.569
2008713.0,1567412301.609
2009671.0,1567412301.649
2009990.0,1567412301.689
2010202.0,1567412301.729
2010849.0,1567412301.769
2010440.0,1567412301.809
2008866.0,1567412301.849
2008866.0,1567412301.889
2006969.0,1567412301.929
2006044.0,1567412301.969
2005122.0,1567412302.009
2003556.0,1567412302.049
2003488.0,1567412302.089
2003112.0,1567412302.129
2002746.0,1567412302.169
2002584.0,1567412302.209
2002466.0,1567412302.249
2002544.0,1567412302.289
2002987.0,1567412302.329
2003720.0,1567412302.369
2004369.0,1567412302.409
2005003.0,1567412302.449
2005747.0,1567412302.489
2006687.0,1567412302.529
2007050.0,1567412302.569
2006292.0,1567412302.609
2004806.0,1567412302.649
2003643.0,1567412302.689
2002695.0,1567412302.729
2001925.0,1567412302.769
2001521.0,1567412302.809
2001554.0,1567412302.849
2001541.0,1567412302.889
2001881.0,1567412302.929
2002471.0,1567412302.969
2003870.0,1567412303.009
2005442.0,1567412303.049
2006568.0,1567412303.089
2007423.0,1567412303.129
2008635.0,1567412303.169
2009771.0,1567412303.209
2011120.0,1567412303.249
2013053.0,1567412303.289
2013844.0,1567412303.329
2013553.0,1567412303.369
2012805.0,1567412303.409
2013008.0,1567412303.449
2014629.0,1567412303.489
2016957.0,1567412303.529
2019622.0,1567412303.569
2021176.0,1567412303.609
2025112.0,1567412303.649
2027831.0,1567412303.689
2026508.0,1567412303.729
2023001.0,1567412303.769
2021211.0,1567412303.809
2021948.0,1567412303.849
2022403.0,1567412303.889
2022199.0,1567412303.929
2022301.0,1567412303.969
2022030.0,1567412304.009
2021909.0,1567412304.049
2020792.0,1567412304.089
2018353.0,1567412304.129
2016333.0,1567412304.169
2014702.0,1567412304.209
2012831.0,1567412304.249
2011314.0,1567412304.289
2010052.0,1567412304.329
2009208.0,1567412304.369
2007988.0,1567412304.409
2006739.0,1567412304.449
2006566.0,1567412304.489
2005944.0,1567412304.529
2005573.0,1567412304.569
2005476.0,1567412304.609
2005681.0,1567412304.654
2005907.0,1567412304.694
2006328.0,1567412304.734
2006428.0,1567412304.775
2006086.0,1567412304.815
2003858.0,1567412304.854
2001826.0,1567412304.895
2000179.0,1567412304.934
1998367.0,1567412304.974
1997078.0,1567412305.016
1995998.0,1567412305.054
1995338.0,1567412305.095
1994662.0,1567412305.136
1994101.0,1567412305.175
1994152.0,1567412305.215
1994732.0,1567412305.257
1995473.0,1567412305.296
1996315.0,1567412305.336
1998552.0,1567412305.377
2000549.0,1567412305.417
2005132.0,1567412305.498
2008386.0,1567412305.537
2002756.0,1567412305.457
2010124.0,1567412305.578
2011309.0,1567412305.62
2013635.0,1567412305.658
2017552.0,1567412305.696
2021668.0,1567412305.738
2024654.0,1567412305.777
2029581.0,1567412305.819
2034618.0,1567412305.86
2039774.0,1567412305.899
2044996.0,1567412305.939
2049456.0,1567412305.98
2053715.0,1567412306.02
2054021.0,1567412306.059
2051107.0,1567412306.1
2049990.0,1567412306.139
2048827.0,1567412306.18
2046987.0,1567412306.221
2046988.0,1567412306.26
2046843.0,1567412306.3
2045610.0,1567412306.341
2044262.0,1567412306.38
2044203.0,1567412306.421
2043667.0,1567412306.461
2042360.0,1567412306.5
2042819.0,1567412306.54
2042411.0,1567412306.578
2041733.0,1567412306.618
2042214.0,1567412306.657
2041646.0,1567412306.699
2040969.0,1567412306.739
2041407.0,1567412306.938
2041404.0,1567412306.977
2041066.0,1567412306.859
2041093.0,1567412306.899
2041098.0,1567412306.82
2040971.0,1567412306.778
2041232.0,1567412307.018
2040278.0,1567412307.052
2038004.0,1567412307.091
2035513.0,1567412307.131
2033402.0,1567412307.172
2030690.0,1567412307.251
2029388.0,1567412307.331
2030025.0,1567412307.292
2028346.0,1567412307.371
2027801.0,1567412307.413
2027454.0,1567412307.452
2027263.0,1567412307.492
2028365.0,1567412307.533
2031857.0,1567412307.212
2030267.0,1567412307.613
2035889.0,1567412307.692
2039306.0,1567412307.732
2032136.0,1567412307.653
2029126.0,1567412307.572
2042629.0,1567412307.774
2044243.0,1567412307.814
2045972.0,1567412307.852
2047965.0,1567412307.894
2050483.0,1567412307.93
2052402.0,1567412307.963
2056473.0,1567412308.002
2058852.0,1567412308.038
2063070.0,1567412308.079
2066706.0,1567412308.12
2066182.0,1567412308.159
2060457.0,1567412308.2
2059347.0,1567412308.241
2058486.0,1567412308.273
2058486.0,1567412308.313
2056458.0,1567412308.354
2055188.0,1567412308.394
2055196.0,1567412308.433
2054389.0,1567412308.474
2053766.0,1567412308.513
2052966.0,1567412308.553
2051401.0,1567412308.595
2049335.0,1567412308.633
2048252.0,1567412308.673
2047448.0,1567412308.715
2045919.0,1567412308.754
2045120.0,1567412308.794
2044477.0,1567412308.835
2043202.0,1567412308.874
2042734.0,1567412308.914
2042348.0,1567412308.955
2041943.0,1567412308.992
2041401.0,1567412309.027
2041588.0,1567412309.068
2041681.0,1567412309.101
2041583.0,1567412309.138
2041882.0,1567412309.18
2042344.0,1567412309.219
2041890.0,1567412309.259
2040340.0,1567412309.3
2038291.0,1567412309.339
2036442.0,1567412309.38
2034823.0,1567412309.421
2033629.0,1567412309.46
2032644.0,1567412309.498
2031864.0,1567412309.54
2031140.0,1567412309.58
2030396.0,1567412309.619
2029540.0,1567412309.661
2029807.0,1567412309.699
2031395.0,1567412309.739
2032714.0,1567412309.781
2035791.0,1567412309.82
2039607.0,1567412309.86
2044640.0,1567412309.901
2049561.0,1567412309.94
2053863.0,1567412309.981
2057566.0,1567412310.021
2062364.0,1567412310.06
2063183.0,1567412310.1
2067418.0,1567412310.141
2070588.0,1567412310.181
2069006.0,1567412310.22
2064355.0,1567412310.261
2061133.0,1567412310.3
2059259.0,1567412310.341
2057194.0,1567412310.383
2055496.0,1567412310.419
2054749.0,1567412310.459
2054097.0,1567412310.5
2053024.0,1567412310.54
2052919.0,1567412310.581
2052899.0,1567412310.621
2052061.0,1567412310.661
2052572.0,1567412310.701
2052861.0,1567412310.74
2052137.0,1567412310.78
2050997.0,1567412310.82
2049366.0,1567412310.861
2047285.0,1567412310.9
2045630.0,1567412310.94
2044323.0,1567412310.982
2042678.0,1567412311.021
2041640.0,1567412311.061
2040400.0,1567412311.1
2038774.0,1567412311.139
2037801.0,1567412311.18
2037099.0,1567412311.221
2036692.0,1567412311.26
2036188.0,1567412311.3
2036104.0,1567412311.341
2036154.0,1567412311.381
2035861.0,1567412311.42
2036045.0,1567412311.461
2036059.0,1567412311.5
2035403.0,1567412311.54
2033505.0,1567412311.582
2031007.0,1567412311.621
2028972.0,1567412311.662
2027585.0,1567412311.702
2026288.0,1567412311.741
2025768.0,1567412311.781
2025649.0,1567412311.822
2024482.0,1567412311.861
2024003.0,1567412311.901
2024615.0,1567412311.942
2023656.0,1567412311.982
2023281.0,1567412312.021
2023108.0,1567412312.063
2023077.0,1567412312.1
2024362.0,1567412312.14
2025447.0,1567412312.182
2025854.0,1567412312.221
2026187.0,1567412312.261
2025835.0,1567412312.302
2024117.0,1567412312.341
2023116.0,1567412312.382
2025626.0,1567412312.423
2026699.0,1567412312.46
2024907.0,1567412312.5
2028884.0,1567412312.539
2026754.0,1567412312.579
2019403.0,1567412312.619
2014961.0,1567412312.66
2011859.0,1567412312.699
2008944.0,1567412312.739
2006519.0,1567412312.781
2005208.0,1567412312.819
2002984.0,1567412312.859
2001316.0,1567412312.9
2000207.0,1567412312.939
1998358.0,1567412312.98
1997230.0,1567412313.02
1994966.0,1567412313.059
1990211.0,1567412313.099
1986433.0,1567412313.14
1983317.0,1567412313.18
1980092.0,1567412313.219
1976987.0,1567412313.261
1974848.0,1567412313.301
1972995.0,1567412313.341
1970804.0,1567412313.382
1968926.0,1567412313.421
1966359.0,1567412313.502
1967535.0,1567412313.461
1965598.0,1567412313.541
1965054.0,1567412313.582
1964649.0,1567412313.623
1964166.0,1567412313.663
1963910.0,1567412313.702
1963849.0,1567412313.742
1963440.0,1567412313.782
1961735.0,1567412313.814
1958810.0,1567412313.855
1955727.0,1567412313.894
1953522.0,1567412313.934
1951346.0,1567412313.976
1949776.0,1567412314.014
1949149.0,1567412314.055
1948630.0,1567412314.096
1949176.0,1567412314.135
1949410.0,1567412314.176
1950931.0,1567412314.216
1953305.0,1567412314.255
1955409.0,1567412314.295
1957891.0,1567412314.336
1960043.0,1567412314.376
1962124.0,1567412314.415
1964806.0,1567412314.456
1968421.0,1567412314.496
1973160.0,1567412314.534
1977121.0,1567412314.571
1976291.0,1567412314.609
1979792.0,1567412314.644
1982944.0,1567412314.683
1980268.0,1567412314.722
1976497.0,1567412314.763
1974372.0,1567412314.804
1970967.0,1567412314.843
1968338.0,1567412314.884
1966685.0,1567412314.925
1965135.0,1567412314.965
1963948.0,1567412315.002
1963517.0,1567412315.044
1962867.0,1567412315.083
1962507.0,1567412315.123
1962250.0,1567412315.165
1962334.0,1567412315.204
1962355.0,1567412315.244
1961646.0,1567412315.285
1959089.0,1567412315.324
1956492.0,1567412315.364
1954386.0,1567412315.405
1952523.0,1567412315.444
1950852.0,1567412315.484
1949818.0,1567412315.525
1948966.0,1567412315.565
1947844.0,1567412315.604
1946910.0,1567412315.647
1946871.0,1567412315.685
1946904.0,1567412315.725
1947389.0,1567412315.766
1947770.0,1567412315.805
1948704.0,1567412315.845
1949668.0,1567412315.886
1950843.0,1567412315.925
1952486.0,1567412315.966
1953753.0,1567412316.006
1954533.0,1567412316.045
1953906.0,1567412316.085
1953731.0,1567412316.124
1953174.0,1567412316.164
1953416.0,1567412316.204
1953708.0,1567412316.245
1955113.0,1567412316.284
1956148.0,1567412316.324
1957751.0,1567412316.366
1960910.0,1567412316.401
1965022.0,1567412316.441
1969956.0,1567412316.482
1974736.0,1567412316.521
1980195.0,1567412316.562
1985711.0,1567412316.652
1991644.0,1567412316.692
1997048.0,1567412316.732
2002968.0,1567412316.773
2009610.0,1567412316.812
2015693.0,1567412316.852
2016742.0,1567412316.893
2012280.0,1567412316.932
2007081.0,1567412316.972
2004321.0,1567412317.014
2002006.0,1567412317.052
2000124.0,1567412317.092
1998780.0,1567412317.133
1997864.0,1567412317.173
1996729.0,1567412317.214
1996199.0,1567412317.255
1996432.0,1567412317.294
1995936.0,1567412317.334
1996124.0,1567412317.376
1996627.0,1567412317.416
1996829.0,1567412317.455
1997086.0,1567412317.497
1998060.0,1567412317.536
1998735.0,1567412317.574
1998869.0,1567412317.616
1997623.0,1567412317.646
1997623.0,1567412317.687
1995880.0,1567412317.727
1994390.0,1567412317.766
1993044.0,1567412317.807
1991873.0,1567412317.847
1991194.0,1567412317.887
1990204.0,1567412317.927
1989413.0,1567412317.968
1988413.0,1567412318.008
1988251.0,1567412318.047
1988046.0,1567412318.088
1987982.0,1567412318.127
1988153.0,1567412318.167
1988579.0,1567412318.209
1988677.0,1567412318.247
1989064.0,1567412318.288
1989410.0,1567412318.321
1989508.0,1567412318.356
1989506.0,1567412318.394
1987764.0,1567412318.434
1985059.0,1567412318.474
1983290.0,1567412318.514
1981664.0,1567412318.555
1980213.0,1567412318.595
1979318.0,1567412318.635
1979269.0,1567412318.676
1978658.0,1567412318.715
1978266.0,1567412318.755
1978887.0,1567412318.797
1979885.0,1567412318.835
1982608.0,1567412318.875
1986751.0,1567412318.917
1991866.0,1567412318.956
1993893.0,1567412318.996
1996883.0,1567412319.037
2002219.0,1567412319.076
2003458.0,1567412319.116
2000145.0,1567412319.157
1996908.0,1567412319.197
1993796.0,1567412319.236
1991629.0,1567412319.277
1989860.0,1567412319.316
1986186.0,1567412319.396
1984520.0,1567412319.434
1987672.0,1567412319.356
1981633.0,1567412319.516
1982583.0,1567412319.474
1980771.0,1567412319.555
1980474.0,1567412319.596
1979990.0,1567412319.637
1979790.0,1567412319.677
1979437.0,1567412319.714
1979776.0,1567412319.755
1980130.0,1567412319.795
1979909.0,1567412319.835
1980194.0,1567412319.876
1978974.0,1567412319.915
1976319.0,1567412319.955
1974191.0,1567412319.997
1972452.0,1567412320.036
1970816.0,1567412320.074
1969375.0,1567412320.115
1968493.0,1567412320.155
1967559.0,1567412320.196
1966903.0,1567412320.236
1965741.0,1567412320.353
1966320.0,1567412320.275
1965720.0,1567412320.311
1965955.0,1567412320.392
1966298.0,1567412320.432
1966448.0,1567412320.473
1966771.0,1567412320.512
1966968.0,1567412320.552
1967361.0,1567412320.594
1967450.0,1567412320.632
1966069.0,1567412320.672
1965135.0,1567412320.713
1963505.0,1567412320.753
1962730.0,1567412320.793
1962276.0,1567412320.834
1962402.0,1567412320.873
1962888.0,1567412320.913
1963884.0,1567412320.954
1965161.0,1567412320.994
1966567.0,1567412321.034
1967835.0,1567412321.076
1969255.0,1567412321.115
1970947.0,1567412321.155
1972314.0,1567412321.197
1974212.0,1567412321.235
1975550.0,1567412321.275
1977262.0,1567412321.317
1978975.0,1567412321.356
1980606.0,1567412321.397
1980628.0,1567412321.437
1979143.0,1567412321.477
1978199.0,1567412321.517
1977937.0,1567412321.558
1977720.0,1567412321.593
1978517.0,1567412321.633
1978997.0,1567412321.674
1978753.0,1567412321.713
1979294.0,1567412321.753
1980925.0,1567412321.795
1983299.0,1567412321.833
1985638.0,1567412321.873
1987012.0,1567412321.914
1987867.0,1567412321.953
1988662.0,1567412321.994
1990231.0,1567412322.035
1992865.0,1567412322.074
1995798.0,1567412322.114
2001077.0,1567412322.155
2005281.0,1567412322.195
2006727.0,1567412322.234
2012836.0,1567412322.276
2016297.0,1567412322.316
2011991.0,1567412322.355
2007233.0,1567412322.397
2004443.0,1567412322.436
2000739.0,1567412322.476
1998357.0,1567412322.517
1995967.0,1567412322.556
1993672.0,1567412322.597
1991808.0,1567412322.638
1990162.0,1567412322.677
1989115.0,1567412322.717
1987696.0,1567412322.757
1986998.0,1567412322.797
1986161.0,1567412322.836
1985294.0,1567412322.869
1984737.0,1567412322.908
1983193.0,1567412322.948
1979700.0,1567412322.99
1976660.0,1567412323.028
1974327.0,1567412323.069
1971778.0,1567412323.11
1969964.0,1567412323.149
1968411.0,1567412323.19
1967425.0,1567412323.23
1966127.0,1567412323.269
1965160.0,1567412323.309
1965016.0,1567412323.351
1964423.0,1567412323.39
1964076.0,1567412323.43
1964076.0,1567412323.471
1964087.0,1567412323.51
1964127.0,1567412323.55
1964559.0,1567412323.586
1965104.0,1567412323.619
1965959.0,1567412323.661
1965519.0,1567412323.699
1963618.0,1567412323.738
1962328.0,1567412323.779
1960873.0,1567412323.819
1960879.0,1567412323.859
1960778.0,1567412323.899
1962413.0,1567412323.932
1962413.0,1567412323.972
1964442.0,1567412324.011
1966678.0,1567412324.053
1968744.0,1567412324.092
1971686.0,1567412324.132
1974802.0,1567412324.174
1979353.0,1567412324.212
1984051.0,1567412324.252
1989401.0,1567412324.293
1994818.0,1567412324.332
2001051.0,1567412324.373
2006649.0,1567412324.414
2013759.0,1567412324.453
2021250.0,1567412324.493
2022384.0,1567412324.534
2018522.0,1567412324.574
2013708.0,1567412324.61
2011624.0,1567412324.652
2008913.0,1567412324.686
2006546.0,1567412324.719
2005551.0,1567412324.758
2004097.0,1567412324.797
2002737.0,1567412324.837
2001562.0,1567412324.879
2001263.0,1567412324.918
2000794.0,1567412324.959
2000435.0,1567412324.999
2000839.0,1567412325.038
2001221.0,1567412325.079
2001081.0,1567412325.118
2001537.0,1567412325.158
2002424.0,1567412325.197
2001780.0,1567412325.239
1999657.0,1567412325.278
1997762.0,1567412325.318
1996189.0,1567412325.36
1994859.0,1567412325.398
1993951.0,1567412325.438
1993360.0,1567412325.479
1992678.0,1567412325.518
1991713.0,1567412325.559
1991119.0,1567412325.599
1990736.0,1567412325.639
1990856.0,1567412325.678
1991230.0,1567412325.719
1991706.0,1567412325.759
1992099.0,1567412325.799
1992589.0,1567412325.84
1993163.0,1567412325.879
1994133.0,1567412325.919
1994375.0,1567412325.961
1993034.0,1567412325.999
1991118.0,1567412326.037
1989406.0,1567412326.079
1988328.0,1567412326.118
1987205.0,1567412326.159
1986945.0,1567412326.199
1986880.0,1567412326.239
1986750.0,1567412326.279
1986892.0,1567412326.32
1986793.0,1567412326.36
1987606.0,1567412326.398
1988868.0,1567412326.439
1990369.0,1567412326.478
1998677.0,1567412326.552
1993131.0,1567412326.519
2001362.0,1567412326.59
2004338.0,1567412326.63
2009749.0,1567412326.672
2010918.0,1567412326.711
2007717.0,1567412326.751
2004680.0,1567412326.792
2002076.0,1567412326.831
1999110.0,1567412326.871
1997004.0,1567412326.912
1995619.0,1567412326.952
1993983.0,1567412326.991
1992837.0,1567412327.033
1992318.0,1567412327.072
1991321.0,1567412327.154
1991541.0,1567412327.112
1991727.0,1567412327.232
1991482.0,1567412327.192
1992223.0,1567412327.271
1992703.0,1567412327.31
1993333.0,1567412327.344
1993971.0,1567412327.382
1994699.0,1567412327.419
1992626.0,1567412327.501
1994467.0,1567412327.46
1990714.0,1567412327.541
1989405.0,1567412327.58
1988000.0,1567412327.622
1987014.0,1567412327.661
1986848.0,1567412327.701
1986832.0,1567412327.741
1986011.0,1567412327.78
1985723.0,1567412327.82
1985647.0,1567412327.861
1986047.0,1567412327.9
1986837.0,1567412327.941
1987273.0,1567412327.982
1987931.0,1567412328.021
1988637.0,1567412328.061
1989346.0,1567412328.102
1990138.0,1567412328.142
1991065.0,1567412328.181
1991761.0,1567412328.222
1990276.0,1567412328.261
1987488.0,1567412328.301
1984730.0,1567412328.343
1982133.0,1567412328.381
1979863.0,1567412328.422
1978487.0,1567412328.463
1977587.0,1567412328.503
1977065.0,1567412328.542
1976479.0,1567412328.576
1976479.0,1567412328.615
1977467.0,1567412328.655
1978633.0,1567412328.696
1979333.0,1567412328.736
1979897.0,1567412328.775
1979515.0,1567412328.817
1979627.0,1567412328.856
1980390.0,1567412328.896
1981658.0,1567412328.937
1983483.0,1567412328.976
1985805.0,1567412329.016
1986974.0,1567412329.057
1986576.0,1567412329.096
1985590.0,1567412329.137
1985622.0,1567412329.177
1986852.0,1567412329.216
1988789.0,1567412329.256
1990571.0,1567412329.297
1992193.0,1567412329.337
1997069.0,1567412329.376
1997190.0,1567412329.417
1993483.0,1567412329.456
1989918.0,1567412329.496
1988143.0,1567412329.538
1986502.0,1567412329.577
1985036.0,1567412329.617
1984034.0,1567412329.658
1983010.0,1567412329.698
1982261.0,1567412329.739
1981709.0,1567412329.784
1979472.0,1567412329.819
1976403.0,1567412329.859
1973988.0,1567412329.9
1972014.0,1567412329.94
1970035.0,1567412329.98
1968997.0,1567412330.021
1967815.0,1567412330.061
1966945.0,1567412330.099
1966063.0,1567412330.141
1965657.0,1567412330.179
1965369.0,1567412330.219
1965249.0,1567412330.256
1965342.0,1567412330.295
1965322.0,1567412330.336
1965668.0,1567412330.376
1965882.0,1567412330.415
1966560.0,1567412330.455
1966649.0,1567412330.496
1966122.0,1567412330.536
1963972.0,1567412330.576
1961396.0,1567412330.617
1959448.0,1567412330.656
1957817.0,1567412330.696
1956534.0,1567412330.738
1955427.0,1567412330.776
1954937.0,1567412330.816
1954167.0,1567412330.857
1953936.0,1567412330.896
1954269.0,1567412330.938
1954667.0,1567412330.979
1955845.0,1567412331.018
1957773.0,1567412331.059
1960440.0,1567412331.1
1962864.0,1567412331.14
1965619.0,1567412331.179
1968496.0,1567412331.221
1970372.0,1567412331.26
1972434.0,1567412331.296
1972817.0,1567412331.338
1971193.0,1567412331.376
1968809.0,1567412331.416
1966376.0,1567412331.458
1964666.0,1567412331.497
1964080.0,1567412331.537
1964496.0,1567412331.578
1964308.0,1567412331.617
1964090.0,1567412331.657
1964071.0,1567412331.698
1965862.0,1567412331.738
1969534.0,1567412331.777
1974728.0,1567412331.818
1976795.0,1567412331.857
1981522.0,1567412331.897
1986036.0,1567412331.939
1984965.0,1567412331.978
1981640.0,1567412332.019
1978716.0,1567412332.06
1974344.0,1567412332.099
1970706.0,1567412332.14
1968215.0,1567412332.181
1965389.0,1567412332.22
1962837.0,1567412332.261
1961030.0,1567412332.302
1959386.0,1567412332.342
1957295.0,1567412332.381
1956002.0,1567412332.423
1954770.0,1567412332.462
1953713.0,1567412332.5
1953040.0,1567412332.542
1952806.0,1567412332.58
1952866.0,1567412332.625
1952819.0,1567412332.663
1953016.0,1567412332.701
1953558.0,1567412332.742
1953389.0,1567412332.783
1951856.0,1567412332.82
1949954.0,1567412332.861
1948135.0,1567412332.901
1946903.0,1567412332.933
1945859.0,1567412332.972
1945035.0,1567412333.013
1944492.0,1567412333.052
1943796.0,1567412333.092
1943026.0,1567412333.134
1942892.0,1567412333.172
1942523.0,1567412333.212
1942562.0,1567412333.254
1943029.0,1567412333.293
1943094.0,1567412333.333
1943120.0,1567412333.374
1943516.0,1567412333.413
1944006.0,1567412333.453
1943940.0,1567412333.494
1942595.0,1567412333.534
1941860.0,1567412333.573
1941819.0,1567412333.612
1942403.0,1567412333.645
1942866.0,1567412333.686
1943920.0,1567412333.724
1944337.0,1567412333.76
1945373.0,1567412333.8
1946495.0,1567412333.841
1948256.0,1567412333.88
1951872.0,1567412333.921
1956577.0,1567412333.962
1961239.0,1567412334.001
1963345.0,1567412334.041
1970880.0,1567412334.083
1973766.0,1567412334.121
1972955.0,1567412334.16
1972266.0,1567412334.201
1970575.0,1567412334.236
1967532.0,1567412334.276
1964760.0,1567412334.318
1963314.0,1567412334.356
1961681.0,1567412334.396
1960161.0,1567412334.437
1959705.0,1567412334.476
1959112.0,1567412334.517
1957777.0,1567412334.558
1957821.0,1567412334.597
1957571.0,1567412334.637
1957388.0,1567412334.678
1958383.0,1567412334.718
1958771.0,1567412334.757
1959088.0,1567412334.799
1959978.0,1567412334.837
1960856.0,1567412334.877
1961511.0,1567412334.919
1961060.0,1567412334.959
1959327.0,1567412334.999
1957534.0,1567412335.04
1956033.0,1567412335.079
1954909.0,1567412335.121
1953959.0,1567412335.162
1953485.0,1567412335.201
1952834.0,1567412335.24
1951795.0,1567412335.282
1951521.0,1567412335.322
1951479.0,1567412335.361
1951612.0,1567412335.402
1951838.0,1567412335.442
1952506.0,1567412335.482
1953233.0,1567412335.524
1953842.0,1567412335.562
1954852.0,1567412335.602
1955984.0,1567412335.643
1957104.0,1567412335.683
1956986.0,1567412335.723
1956496.0,1567412335.764
1957008.0,1567412335.803
1958260.0,1567412335.843
1959435.0,1567412335.884
1961145.0,1567412335.924
1964893.0,1567412335.963
1969144.0,1567412336.004
1974169.0,1567412336.043
1979323.0,1567412336.083
1984236.0,1567412336.125
1989182.0,1567412336.163
1994592.0,1567412336.204
1999348.0,1567412336.245
2003499.0,1567412336.284
2007850.0,1567412336.324
2012288.0,1567412336.362
2016821.0,1567412336.401
2020057.0,1567412336.442
2021623.0,1567412336.483
2023961.0,1567412336.523
2025805.0,1567412336.563
2029488.0,1567412336.604
2031671.0,1567412336.643
2036733.0,1567412336.681
2042929.0,1567412336.723
2046712.0,1567412336.762
2044066.0,1567412336.797
2042695.0,1567412336.838
2042660.0,1567412336.877
2041595.0,1567412336.918
2039598.0,1567412336.958
2038959.0,1567412336.997
2038004.0,1567412337.037
2036975.0,1567412337.079
2037260.0,1567412337.118
2036231.0,1567412337.158
2035023.0,1567412337.199
2033685.0,1567412337.238
2031962.0,1567412337.278
2030649.0,1567412337.32
2030143.0,1567412337.358
2030966.0,1567412337.398
2033523.0,1567412337.44
2037579.0,1567412337.478
2038170.0,1567412337.517
2038048.0,1567412337.554
2041416.0,1567412337.586
2041676.0,1567412337.627
2037886.0,1567412337.666
2035019.0,1567412337.704
2033749.0,1567412337.743
2031575.0,1567412337.785
2029878.0,1567412337.824
2030180.0,1567412337.864
2028796.0,1567412337.906
2025080.0,1567412337.945
2021749.0,1567412337.985
2018471.0,1567412338.024
2015218.0,1567412338.058
2015218.0,1567412338.099
2012305.0,1567412338.14
2010449.0,1567412338.179
2008205.0,1567412338.219
2006362.0,1567412338.26
2004395.0,1567412338.3
2002717.0,1567412338.339
2001748.0,1567412338.38
2001027.0,1567412338.419
2000507.0,1567412338.46
2000098.0,1567412338.501
2000037.0,1567412338.54
2000173.0,1567412338.581
2000370.0,1567412338.621
2000640.0,1567412338.66
2001033.0,1567412338.701
2000473.0,1567412338.741
1997887.0,1567412338.781
1995668.0,1567412338.822
1993955.0,1567412338.863
1991951.0,1567412338.903
1990817.0,1567412338.943
1989734.0,1567412338.985
1989062.0,1567412339.024
1987674.0,1567412339.064
1986883.0,1567412339.106
1986216.0,1567412339.144
1985610.0,1567412339.185
1985599.0,1567412339.226
1985470.0,1567412339.265
1985436.0,1567412339.306
1985856.0,1567412339.344
1985876.0,1567412339.375
1986067.0,1567412339.415
1986809.0,1567412339.456
1986071.0,1567412339.496
1984226.0,1567412339.535
1982078.0,1567412339.576
1980668.0,1567412339.615
1979093.0,1567412339.656
1978199.0,1567412339.697
1978131.0,1567412339.736
1978941.0,1567412339.776
1978362.0,1567412339.817
1978508.0,1567412339.856
1979290.0,1567412339.897
1979716.0,1567412339.937
1980297.0,1567412339.976
1981037.0,1567412340.016
1982325.0,1567412340.048
1983555.0,1567412340.086
1984822.0,1567412340.123
1986375.0,1567412340.164
1987748.0,1567412340.204
1987562.0,1567412340.244
1985774.0,1567412340.286
1984538.0,1567412340.324
1983516.0,1567412340.365
1982456.0,1567412340.406
1982966.0,1567412340.445
1983884.0,1567412340.484
1983692.0,1567412340.523
1984947.0,1567412340.679
1989329.0,1567412340.718
1994542.0,1567412340.757
1995942.0,1567412340.796
1999390.0,1567412340.835
2003599.0,1567412340.874
1982893.0,1567412340.562
1982391.0,1567412340.601
2002184.0,1567412340.913
1983336.0,1567412340.64
1998969.0,1567412340.952
1997490.0,1567412340.991
1994229.0,1567412341.03
1989640.0,1567412341.069
1986813.0,1567412341.108
1984286.0,1567412341.147
1981352.0,1567412341.186
1977053.0,1567412341.303
1975919.0,1567412341.342
1975555.0,1567412341.381
1974716.0,1567412341.42
1974482.0,1567412341.459
1978560.0,1567412341.264
1974798.0,1567412341.498
1979593.0,1567412341.225
1974880.0,1567412341.615
1975202.0,1567412341.654
1975717.0,1567412341.693
1976041.0,1567412341.732
1975691.0,1567412341.771
1975083.0,1567412341.81
1975305.0,1567412341.849
1978146.0,1567412341.888
1982255.0,1567412341.927
1990941.0,1567412342.005
1974661.0,1567412341.576
1994377.0,1567412342.044
1987104.0,1567412341.966
1974588.0,1567412341.537
1998723.0,1567412342.083
2003422.0,1567412342.122
2007853.0,1567412342.161
2012251.0,1567412342.2
2017878.0,1567412342.239
2023106.0,1567412342.278
2028890.0,1567412342.317
2031929.0,1567412342.356
2036843.0,1567412342.395
2039397.0,1567412342.434
2037021.0,1567412342.473
2033519.0,1567412342.512
2032596.0,1567412342.551
2030755.0,1567412342.59
2028993.0,1567412342.629
2028557.0,1567412342.668
2028527.0,1567412342.707
2027941.0,1567412342.746
2027535.0,1567412342.785
2027038.0,1567412342.824
2027693.0,1567412342.863
2027610.0,1567412342.902
2028189.0,1567412342.941
2028861.0,1567412342.98
2029733.0,1567412343.058
2029090.0,1567412343.019
2031335.0,1567412343.136
2030775.0,1567412343.097
2031669.0,1567412343.175
2029609.0,1567412343.253
2026732.0,1567412343.331
2024789.0,1567412343.37
2027986.0,1567412343.292
2024055.0,1567412343.409
2023292.0,1567412343.448
2031364.0,1567412343.214
2022206.0,1567412343.487
2021322.0,1567412343.526
2020177.0,1567412343.565
2019258.0,1567412343.604
2018825.0,1567412343.643
2018734.0,1567412343.682
2018404.0,1567412343.721
2017876.0,1567412343.76
2017995.0,1567412343.799
2017979.0,1567412343.838
2017869.0,1567412343.877
2016955.0,1567412343.916
2015332.0,1567412343.955
2013311.0,1567412343.994
2012665.0,1567412344.033
2012475.0,1567412344.072
2013550.0,1567412344.111
2015606.0,1567412344.15
2018088.0,1567412344.189
2020159.0,1567412344.228
2021577.0,1567412344.267
2024803.0,1567412344.306
2028835.0,1567412344.345
2033452.0,1567412344.384
2037627.0,1567412344.423
2041325.0,1567412344.462
2045092.0,1567412344.501
2048083.0,1567412344.54
2051142.0,1567412344.579
2053424.0,1567412344.618
2054841.0,1567412344.657
2055810.0,1567412344.696
2057149.0,1567412344.735
2059520.0,1567412344.774
2061661.0,1567412344.813
2063580.0,1567412344.852
2065480.0,1567412344.891
2067166.0,1567412344.93
2068972.0,1567412344.969
2070567.0,1567412345.008
2071504.0,1567412345.047
2072758.0,1567412345.086
2074330.0,1567412345.125
2077945.0,1567412345.164
2082826.0,1567412345.203
2086372.0,1567412345.242
2090106.0,1567412345.281
2094238.0,1567412345.32
2098367.0,1567412345.359
2101189.0,1567412345.398
2103572.0,1567412345.437
2105775.0,1567412345.476
2108318.0,1567412345.515
2112476.0,1567412345.554
2116734.0,1567412345.593
2116734.0,1567412345.632
2115868.0,1567412345.671
2120171.0,1567412345.71
2122615.0,1567412345.749
2120748.0,1567412345.788
2115575.0,1567412345.827
2113478.0,1567412345.866
2107754.0,1567412345.905
2105238.0,1567412345.944
2104651.0,1567412345.983
2102552.0,1567412346.022
2101736.0,1567412346.061
2099261.0,1567412346.1
2097239.0,1567412346.139
2094600.0,1567412346.178
2092534.0,1567412346.217
2090673.0,1567412346.256
2088654.0,1567412346.295
2087084.0,1567412346.334
2085952.0,1567412346.374
2084946.0,1567412346.414
2083743.0,1567412346.454
2083229.0,1567412346.494
2082680.0,1567412346.534
2082084.0,1567412346.574
2081687.0,1567412346.614
2081358.0,1567412346.654
2081258.0,1567412346.694
2081012.0,1567412346.734
2080662.0,1567412346.774
2080429.0,1567412346.814
2079053.0,1567412346.854
2076959.0,1567412346.894
2075464.0,1567412346.934
2073549.0,1567412346.974
2072528.0,1567412347.014
2071611.0,1567412347.054
2070213.0,1567412347.094
2068228.0,1567412347.134
2066298.0,1567412347.174
2064455.0,1567412347.214
2062766.0,1567412347.254
2061378.0,1567412347.294
2059402.0,1567412347.334
2057973.0,1567412347.374
2058108.0,1567412347.414
2059543.0,1567412347.454
2060105.0,1567412347.494
2060317.0,1567412347.534
2058608.0,1567412347.574
2056825.0,1567412347.614
2055509.0,1567412347.654
2055048.0,1567412347.694
2056019.0,1567412347.734
2057036.0,1567412347.774
2060462.0,1567412347.814
2059396.0,1567412347.854
2064311.0,1567412347.894
2063501.0,1567412347.934
2054570.0,1567412347.974
2050221.0,1567412348.014
2046461.0,1567412348.054
2040862.0,1567412348.094
2039082.0,1567412348.134
2036707.0,1567412348.174
2036707.0,1567412348.214
2033592.0,1567412348.254
2030581.0,1567412348.294
2024717.0,1567412348.334
2019544.0,1567412348.374
2014588.0,1567412348.414
2010369.0,1567412348.454
2006541.0,1567412348.494
2003027.0,1567412348.534
2000269.0,1567412348.574
1996768.0,1567412348.614
1994327.0,1567412348.654
1991703.0,1567412348.694
1989263.0,1567412348.734
1987776.0,1567412348.774
1986126.0,1567412348.814
1984975.0,1567412348.854
1983803.0,1567412348.894
1981672.0,1567412348.934
1977511.0,1567412348.974
1973212.0,1567412349.014
1969153.0,1567412349.054
1965914.0,1567412349.094
1963277.0,1567412349.134
1961044.0,1567412349.174
1959005.0,1567412349.214
1957062.0,1567412349.254
1954784.0,1567412349.294
1953256.0,1567412349.334
1952241.0,1567412349.374
1951763.0,1567412349.414
1952858.0,1567412349.454
1953756.0,1567412349.494
1953921.0,1567412349.534
1953773.0,1567412349.574
1953391.0,1567412349.614
1951168.0,1567412349.654
1948327.0,1567412349.694
1946102.0,1567412349.734
1945430.0,1567412349.774
1945094.0,1567412349.814
1944376.0,1567412349.854
1944139.0,1567412349.894
1944313.0,1567412349.934
1944418.0,1567412349.974
1945096.0,1567412350.014
1946116.0,1567412350.054
1947257.0,1567412350.094
1948279.0,1567412350.134
1950735.0,1567412350.174
1952491.0,1567412350.214
1952119.0,1567412350.254
1948904.0,1567412350.294
1946373.0,1567412350.334
1945010.0,1567412350.374
1943861.0,1567412350.414
1943518.0,1567412350.454
1943719.0,1567412350.494
1944464.0,1567412350.534
1945145.0,1567412350.574
1945239.0,1567412350.614
1946454.0,1567412350.654
1947819.0,1567412350.694
1949599.0,1567412350.734
1951236.0,1567412350.774
1952340.0,1567412350.814
1953958.0,1567412350.854
1955039.0,1567412350.894
1956575.0,1567412350.934
1955183.0,1567412350.974
1951263.0,1567412351.014
1949173.0,1567412351.054
1946865.0,1567412351.094
1945095.0,1567412351.134
1944639.0,1567412351.174
1943975.0,1567412351.214
1943802.0,1567412351.254
1944884.0,1567412351.294
1947288.0,1567412351.334
1950893.0,1567412351.374
1958766.0,1567412351.414
1959691.0,1567412351.454
1969129.0,1567412351.494
1973694.0,1567412351.534
1972037.0,1567412351.574
1968592.0,1567412351.614
1966186.0,1567412351.654
1962802.0,1567412351.694
1958580.0,1567412351.734
1953769.0,1567412351.774
1949869.0,1567412351.814
1946328.0,1567412351.854
1942812.0,1567412351.894
1940200.0,1567412351.934
1938585.0,1567412351.974
1938585.0,1567412352.014
1936188.0,1567412352.054
1934429.0,1567412352.094
1932593.0,1567412352.134
1931237.0,1567412352.174
1930365.0,1567412352.214
1930542.0,1567412352.254
1930841.0,1567412352.294
1931511.0,1567412352.334
1932010.0,1567412352.428
1932484.0,1567412352.468
1933212.0,1567412352.507
1932321.0,1567412352.548
1929901.0,1567412352.588
1928291.0,1567412352.627
1927163.0,1567412352.668
1926060.0,1567412352.708
1925609.0,1567412352.748
1925433.0,1567412352.789
1925516.0,1567412352.828
1925747.0,1567412352.869
1926082.0,1567412352.91
1927515.0,1567412352.949
1928746.0,1567412352.991
1930205.0,1567412353.031
1932873.0,1567412353.07
1936769.0,1567412353.111
1939656.0,1567412353.152
1942907.0,1567412353.192
1946233.0,1567412353.231
1949912.0,1567412353.272
1950988.0,1567412353.311
1951183.0,1567412353.351
1952430.0,1567412353.393
1954524.0,1567412353.431
1957190.0,1567412353.471
1961968.0,1567412353.512
1967632.0,1567412353.551
1970741.0,1567412353.592
1977432.0,1567412353.632
1979033.0,1567412353.671
1977383.0,1567412353.711
1977051.0,1567412353.752
1976750.0,1567412353.792
1975177.0,1567412353.873
1975547.0,1567412353.832
1975489.0,1567412353.912
1975462.0,1567412353.952
1975267.0,1567412353.994
1974941.0,1567412354.032
1972428.0,1567412354.072
1970615.0,1567412354.114
1969200.0,1567412354.151
1968174.0,1567412354.192
1967430.0,1567412354.232
1967222.0,1567412354.272
1966686.0,1567412354.312
1966335.0,1567412354.353
1966116.0,1567412354.393
1966119.0,1567412354.433
1966286.0,1567412354.476
1966811.0,1567412354.51
1967580.0,1567412354.55
1968109.0,1567412354.592
1968711.0,1567412354.631
1969672.0,1567412354.671
1970462.0,1567412354.712
1970409.0,1567412354.751
1969070.0,1567412354.792
1967510.0,1567412354.832
1966931.0,1567412354.871
1966311.0,1567412354.911
1966026.0,1567412354.952
1966018.0,1567412354.992
1966315.0,1567412355.031
1966313.0,1567412355.073
1966544.0,1567412355.112
1967235.0,1567412355.152
1968461.0,1567412355.193
1970002.0,1567412355.232
1971669.0,1567412355.272
1974758.0,1567412355.313
1977339.0,1567412355.352
1980334.0,1567412355.393
1983435.0,1567412355.433
1985565.0,1567412355.473
1985434.0,1567412355.513
1986325.0,1567412355.553
1988628.0,1567412355.593
1992373.0,1567412355.632
1997743.0,1567412355.673
2003721.0,1567412355.713
2006327.0,1567412355.753
2012745.0,1567412355.795
2014157.0,1567412355.832
2010202.0,1567412355.873
2007144.0,1567412355.914
2004712.0,1567412355.953
2001934.0,1567412355.993
2000826.0,1567412356.034
1999673.0,1567412356.073
1998368.0,1567412356.113
1997510.0,1567412356.154
1994395.0,1567412356.194
1990925.0,1567412356.233
1988770.0,1567412356.274
1986600.0,1567412356.313
1984510.0,1567412356.353
1983455.0,1567412356.395
1981790.0,1567412356.434
1980043.0,1567412356.474
1978685.0,1567412356.515
1977313.0,1567412356.555
1976223.0,1567412356.596
1975730.0,1567412356.635
1975224.0,1567412356.672
1975127.0,1567412356.712
1975696.0,1567412356.754
1977397.0,1567412356.794
1979946.0,1567412356.833
1981055.0,1567412356.875
1981361.0,1567412356.914
1981550.0,1567412356.954
1981799.0,1567412356.994
1982452.0,1567412357.033
1983114.0,1567412357.068
1983520.0,1567412357.11
1984830.0,1567412357.149
1985581.0,1567412357.189
1985624.0,1567412357.23
1986460.0,1567412357.269
1987310.0,1567412357.309
1988176.0,1567412357.35
1989321.0,1567412357.39
1989755.0,1567412357.429
1991235.0,1567412357.471
1993534.0,1567412357.51
1995348.0,1567412357.55
1996924.0,1567412357.592
1997937.0,1567412357.63
1999979.0,1567412357.67
2003196.0,1567412357.711
2008155.0,1567412357.75
2014030.0,1567412357.792
2018832.0,1567412357.833
2023916.0,1567412357.872
2028940.0,1567412357.913
2033048.0,1567412357.954
2037872.0,1567412357.994
2042775.0,1567412358.033
2047679.0,1567412358.075
2052615.0,1567412358.114
2056897.0,1567412358.154
2061814.0,1567412358.196
2066005.0,1567412358.235
2069518.0,1567412358.275
2071382.0,1567412358.314
2077575.0,1567412358.353
2076296.0,1567412358.431
2081141.0,1567412358.393
2070261.0,1567412358.47
2064911.0,1567412358.51
2058979.0,1567412358.551
2053922.0,1567412358.591
2051270.0,1567412358.63
2047491.0,1567412358.671
2044129.0,1567412358.711
2042039.0,1567412358.751
2039710.0,1567412358.793
2037980.0,1567412358.831
2036956.0,1567412358.871
2035907.0,1567412358.912
2035135.0,1567412358.951
2033785.0,1567412358.992
2030705.0,1567412359.032
2025551.0,1567412359.112
2024095.0,1567412359.154
2023793.0,1567412359.233
2023977.0,1567412359.275
2022973.0,1567412359.314
2027691.0,1567412359.071
2023797.0,1567412359.194
2022431.0,1567412359.354
2021137.0,1567412359.396
2020951.0,1567412359.435
2020584.0,1567412359.479
2020580.0,1567412359.517
2020651.0,1567412359.554
2020901.0,1567412359.595
2021267.0,1567412359.632
2021519.0,1567412359.671
2020930.0,1567412359.711
2018603.0,1567412359.752
2016655.0,1567412359.792
2015087.0,1567412359.832
2012812.0,1567412359.873
2009712.0,1567412359.912
2009032.0,1567412359.952
2009587.0,1567412359.994
2010742.0,1567412360.032
2013686.0,1567412360.072
2018011.0,1567412360.113
2022720.0,1567412360.152
2027764.0,1567412360.193
2032925.0,1567412360.233
2039212.0,1567412360.272
2044298.0,1567412360.312
2048913.0,1567412360.354
2055154.0,1567412360.394
2059900.0,1567412360.434
2059626.0,1567412360.475
2054303.0,1567412360.514
2047644.0,1567412360.555
2043764.0,1567412360.597
2039540.0,1567412360.635
2035628.0,1567412360.676
2032803.0,1567412360.717
2029463.0,1567412360.756
2026401.0,1567412360.795
2023865.0,1567412360.836
2021687.0,1567412360.875
2019941.0,1567412360.915
2018873.0,1567412360.955
2017506.0,1567412360.995
2016774.0,1567412361.035
2015883.0,1567412361.076
2015169.0,1567412361.115
2013750.0,1567412361.155
2010931.0,1567412361.197
2007632.0,1567412361.235
2004670.0,1567412361.275
2002328.0,1567412361.316
2000441.0,1567412361.355
1998711.0,1567412361.396
1997287.0,1567412361.436
1995534.0,1567412361.477
1994061.0,1567412361.516
1992572.0,1567412361.557
1991603.0,1567412361.596
1990819.0,1567412361.636
1990168.0,1567412361.678
1989767.0,1567412361.715
1989280.0,1567412361.755
1988857.0,1567412361.797
1988617.0,1567412361.836
1988362.0,1567412361.876
1986106.0,1567412361.917
1983829.0,1567412361.956
1982420.0,1567412361.997
1981181.0,1567412362.038
1981184.0,1567412362.075
1981841.0,1567412362.115
1982902.0,1567412362.157
1983265.0,1567412362.197
1983153.0,1567412362.236
1983578.0,1567412362.276
1984499.0,1567412362.311
1986383.0,1567412362.351
1987646.0,1567412362.393
1989559.0,1567412362.431
1991257.0,1567412362.472
1992764.0,1567412362.513
1994128.0,1567412362.552
1995882.0,1567412362.592
1997617.0,1567412362.633
1999854.0,1567412362.672
1999871.0,1567412362.712
2003530.0,1567412362.753
2005568.0,1567412362.793
2004575.0,1567412362.832
1998197.0,1567412362.873
1993776.0,1567412362.912
1991817.0,1567412362.952
1989156.0,1567412362.988
1988247.0,1567412363.02
1989069.0,1567412363.057
1990407.0,1567412363.096
1991667.0,1567412363.135
1993086.0,1567412363.176
1993409.0,1567412363.216
1993288.0,1567412363.256
1993195.0,1567412363.296
1993720.0,1567412363.337
1991658.0,1567412363.377
1989838.0,1567412363.417
1989475.0,1567412363.456
1990261.0,1567412363.495
1990956.0,1567412363.535
1992348.0,1567412363.577
1994808.0,1567412363.616
1997249.0,1567412363.652
1999538.0,1567412363.693
2001695.0,1567412363.732
2004089.0,1567412363.773
2006688.0,1567412363.813
2009318.0,1567412363.852
2011835.0,1567412363.892
2014539.0,1567412363.934
2017208.0,1567412363.973
2019695.0,1567412364.013
2022397.0,1567412364.054
2024972.0,1567412364.093
2025540.0,1567412364.133
2025646.0,1567412364.175
2025546.0,1567412364.213
2025781.0,1567412364.253
2026767.0,1567412364.294
2027568.0,1567412364.334
2028878.0,1567412364.375
2030078.0,1567412364.414
2031369.0,1567412364.453
2032894.0,1567412364.492
2034019.0,1567412364.531
2035977.0,1567412364.57
2037730.0,1567412364.609
2039714.0,1567412364.648
2042008.0,1567412364.687
2043608.0,1567412364.726
2047099.0,1567412364.765
2049555.0,1567412364.804
2052181.0,1567412364.843
2053128.0,1567412364.882
2054002.0,1567412364.921
2054466.0,1567412364.96
2055293.0,1567412364.999
2058302.0,1567412365.038
2062505.0,1567412365.077
2064532.0,1567412365.116
2066180.0,1567412365.155
2068148.0,1567412365.194
2069246.0,1567412365.233
2067824.0,1567412365.272
2067122.0,1567412365.311
2067266.0,1567412365.35
2066836.0,1567412365.389
2066206.0,1567412365.428
2066342.0,1567412365.467
2066439.0,1567412365.506
2065905.0,1567412365.545
2066218.0,1567412365.584
2065546.0,1567412365.623
2063414.0,1567412365.662
2061688.0,1567412365.701
2059748.0,1567412365.74
2056585.0,1567412365.857
2055893.0,1567412365.896
2055379.0,1567412365.935
2054847.0,1567412365.974
2053825.0,1567412366.013
2057378.0,1567412365.818
2058264.0,1567412365.779
2053289.0,1567412366.052
2052793.0,1567412366.091
2052761.0,1567412366.13
2052674.0,1567412366.169
2052996.0,1567412366.208
2052856.0,1567412366.247
2053382.0,1567412366.286
2054053.0,1567412366.325
2053589.0,1567412366.364
2051709.0,1567412366.403
2050332.0,1567412366.442
2048513.0,1567412366.481
2047247.0,1567412366.52
2046329.0,1567412366.559
2045786.0,1567412366.598
2045032.0,1567412366.637
2043462.0,1567412366.715
2044360.0,1567412366.676
2042742.0,1567412366.754
2042276.0,1567412366.832
2042070.0,1567412366.793
2042175.0,1567412366.871
2043263.0,1567412366.91
2045214.0,1567412366.949
2048185.0,1567412367.027
2050161.0,1567412367.066
2051269.0,1567412367.105
2051146.0,1567412367.144
2051948.0,1567412367.183
2055687.0,1567412367.222
2055839.0,1567412367.261
2056968.0,1567412367.3
2046688.0,1567412366.988
2060300.0,1567412367.339
2061106.0,1567412367.379
2059909.0,1567412367.419
2058762.0,1567412367.459
2058571.0,1567412367.499
2057002.0,1567412367.579
2057998.0,1567412367.539
2057058.0,1567412367.659
2056975.0,1567412367.619
2056600.0,1567412367.699
2056647.0,1567412367.779
2056049.0,1567412367.739
2053943.0,1567412367.859
2056173.0,1567412367.819
2051640.0,1567412367.899
2049427.0,1567412367.939
2047312.0,1567412367.979
2045605.0,1567412368.019
2044241.0,1567412368.059
2043270.0,1567412368.099
2041994.0,1567412368.139
2041016.0,1567412368.179
2040133.0,1567412368.219
2039423.0,1567412368.259
2039447.0,1567412368.299
2039235.0,1567412368.339
2039263.0,1567412368.379
2039376.0,1567412368.419
2039468.0,1567412368.459
2039598.0,1567412368.499
2039875.0,1567412368.539
2038909.0,1567412368.579
2036406.0,1567412368.619
2034033.0,1567412368.659
2032495.0,1567412368.699
2030495.0,1567412368.739
2029026.0,1567412368.779
2027909.0,1567412368.819
2027148.0,1567412368.859
2026003.0,1567412368.899
2024988.0,1567412368.939
2024408.0,1567412368.979
2024039.0,1567412369.019
2024086.0,1567412369.059
2024365.0,1567412369.099
2024477.0,1567412369.139
2024802.0,1567412369.179
2025204.0,1567412369.219
2025577.0,1567412369.259
2026258.0,1567412369.299
2025902.0,1567412369.339
2023766.0,1567412369.379
2022317.0,1567412369.419
2020675.0,1567412369.459
2018736.0,1567412369.499
2017342.0,1567412369.539
2016214.0,1567412369.579
2015695.0,1567412369.619
2015472.0,1567412369.659
2015068.0,1567412369.699
2015641.0,1567412369.739
2015870.0,1567412369.779
2016224.0,1567412369.819
2016397.0,1567412369.859
2016781.0,1567412369.899
2016978.0,1567412369.939
2017364.0,1567412369.979
2018404.0,1567412370.019
2018506.0,1567412370.059
2017197.0,1567412370.099
2015345.0,1567412370.139
2013561.0,1567412370.179
2012254.0,1567412370.219
2010957.0,1567412370.259
2010226.0,1567412370.299
2009741.0,1567412370.339
2009279.0,1567412370.379
2008607.0,1567412370.419
2008170.0,1567412370.459
2008391.0,1567412370.499
2008429.0,1567412370.539
2008803.0,1567412370.579
2009122.0,1567412370.619
2009408.0,1567412370.659
2010034.0,1567412370.699
2010713.0,1567412370.739
2011688.0,1567412370.779
2011075.0,1567412370.819
2009244.0,1567412370.859
2007155.0,1567412370.899
2005826.0,1567412370.939
2004570.0,1567412370.979
2003425.0,1567412371.019
2002639.0,1567412371.059
2002116.0,1567412371.099
2001216.0,1567412371.139
2000787.0,1567412371.179
2000716.0,1567412371.219
2001553.0,1567412371.259
2002103.0,1567412371.299
2003264.0,1567412371.339
2003264.0,1567412371.379
2003791.0,1567412371.419
2004460.0,1567412371.459
2005394.0,1567412371.499
2006474.0,1567412371.539
2007184.0,1567412371.579
2006491.0,1567412371.619
2004485.0,1567412371.659
2002845.0,1567412371.699
2000219.0,1567412371.779
2001422.0,1567412371.739
1999054.0,1567412371.819
1997588.0,1567412371.899
1997391.0,1567412371.939
1997005.0,1567412371.979
1998437.0,1567412371.859
1996594.0,1567412372.019
1997195.0,1567412372.059
1997720.0,1567412372.099
2001774.0,1567412372.179
1998994.0,1567412372.139
2007134.0,1567412372.219
2014656.0,1567412372.299
2010198.0,1567412372.259
2019238.0,1567412372.339
2019678.0,1567412372.379
2012734.0,1567412372.419
2009189.0,1567412372.459
2006990.0,1567412372.499
2003630.0,1567412372.539
2000751.0,1567412372.579
1998979.0,1567412372.619
1996705.0,1567412372.659
1994501.0,1567412372.699
1992723.0,1567412372.739
1990679.0,1567412372.819
1990539.0,1567412372.859
1989882.0,1567412372.899
1989849.0,1567412372.939
1989742.0,1567412372.979
1991376.0,1567412372.779
1989851.0,1567412373.019
1990064.0,1567412373.099
1990008.0,1567412373.059
1989695.0,1567412373.139
1985986.0,1567412373.219
1988530.0,1567412373.179
1984045.0,1567412373.259
1982542.0,1567412373.299
1981371.0,1567412373.339
1980199.0,1567412373.379
1979488.0,1567412373.419
1978806.0,1567412373.459
1978420.0,1567412373.499
1977851.0,1567412373.539
1977757.0,1567412373.579
1977962.0,1567412373.619
1978317.0,1567412373.659
1978681.0,1567412373.699
1979398.0,1567412373.739
1980011.0,1567412373.779
1980325.0,1567412373.819
1981063.0,1567412373.859
1981763.0,1567412373.899
1980851.0,1567412373.939
1978902.0,1567412373.979
1978441.0,1567412374.019
1977837.0,1567412374.059
1977779.0,1567412374.099
1978822.0,1567412374.139
1979903.0,1567412374.179
1980613.0,1567412374.219
1981619.0,1567412374.259
1982821.0,1567412374.299
1984074.0,1567412374.339
1985143.0,1567412374.379
1985989.0,1567412374.419
1987074.0,1567412374.459
1987789.0,1567412374.499
1988003.0,1567412374.539
1988354.0,1567412374.579
1989191.0,1567412374.619
1989520.0,1567412374.659
1988234.0,1567412374.699
1986417.0,1567412374.739
1984718.0,1567412374.779
1983708.0,1567412374.819
1983054.0,1567412374.859
1982724.0,1567412374.899
1982674.0,1567412374.939
1982484.0,1567412374.979
1982278.0,1567412375.019
1982428.0,1567412375.059
1982818.0,1567412375.099
1983353.0,1567412375.139
1984000.0,1567412375.179
1984908.0,1567412375.219
1985966.0,1567412375.259
1986758.0,1567412375.299
1987863.0,1567412375.339
1989016.0,1567412375.379
1990115.0,1567412375.419
1989381.0,1567412375.459
1987787.0,1567412375.499
1986824.0,1567412375.539
1985849.0,1567412375.579
1985300.0,1567412375.619
1984699.0,1567412375.659
1984486.0,1567412375.699
1984671.0,1567412375.739
1984522.0,1567412375.779
1984621.0,1567412375.819
1984644.0,1567412375.859
1985386.0,1567412375.899
1986067.0,1567412375.939
1986536.0,1567412375.979
1987624.0,1567412376.019
1988446.0,1567412376.059
1989186.0,1567412376.099
1989934.0,1567412376.139
1990789.0,1567412376.179
1990536.0,1567412376.219
1988783.0,1567412376.259
1987385.0,1567412376.299
1986770.0,1567412376.334
1985815.0,1567412376.373
1984778.0,1567412376.414
1984926.0,1567412376.455
1985485.0,1567412376.494
1985453.0,1567412376.534
1986352.0,1567412376.575
1987300.0,1567412376.614
1988572.0,1567412376.654
1991247.0,1567412376.696
1993640.0,1567412376.734
1997701.0,1567412376.774
2000779.0,1567412376.816
2005138.0,1567412376.855
2006853.0,1567412376.895
2006412.0,1567412376.936
2004235.0,1567412376.975
2001387.0,1567412377.015
1998912.0,1567412377.056
1996679.0,1567412377.096
1994966.0,1567412377.135
1993575.0,1567412377.176
1992582.0,1567412377.215
1991988.0,1567412377.256
1991601.0,1567412377.297
1991087.0,1567412377.336
1990848.0,1567412377.376
1990874.0,1567412377.417
1991328.0,1567412377.456
1991889.0,1567412377.497
1992562.0,1567412377.537
1993182.0,1567412377.576
1993993.0,1567412377.616
1994716.0,1567412377.657
1995311.0,1567412377.697
1994001.0,1567412377.737
1992050.0,1567412377.778
1990577.0,1567412377.817
1989523.0,1567412377.857
1988735.0,1567412377.899
1988082.0,1567412377.937
1988062.0,1567412377.977
1987776.0,1567412378.018
1987559.0,1567412378.057
1987593.0,1567412378.098
1987933.0,1567412378.138
1988411.0,1567412378.177
1988994.0,1567412378.218
1990001.0,1567412378.259
1991183.0,1567412378.298
1992205.0,1567412378.338
1993208.0,1567412378.379
1994296.0,1567412378.418
1995146.0,1567412378.458
1994159.0,1567412378.5
1992768.0,1567412378.538
1991725.0,1567412378.578
1991053.0,1567412378.619
1991229.0,1567412378.658
1991467.0,1567412378.699
1991692.0,1567412378.74
1992006.0,1567412378.779
1992377.0,1567412378.819
1992625.0,1567412378.86
1993261.0,1567412378.9
1993992.0,1567412378.939
1995061.0,1567412378.98
1996036.0,1567412379.019
1997469.0,1567412379.059
1998878.0,1567412379.101
1999923.0,1567412379.14
2001060.0,1567412379.18
2001456.0,1567412379.221
2000232.0,1567412379.26
1998699.0,1567412379.301
1997374.0,1567412379.341
1996713.0,1567412379.38
1995773.0,1567412379.42
1995707.0,1567412379.461
1996082.0,1567412379.501
1995993.0,1567412379.541
1995952.0,1567412379.582
1995963.0,1567412379.621
1996138.0,1567412379.661
1996735.0,1567412379.703
1997500.0,1567412379.741
1997637.0,1567412379.781
1998003.0,1567412379.822
1998428.0,1567412379.861
1998794.0,1567412379.902
1999480.0,1567412379.942
1998675.0,1567412379.982
1996440.0,1567412380.022
1994998.0,1567412380.063
1993704.0,1567412380.102
1992795.0,1567412380.142
1992098.0,1567412380.183
1991737.0,1567412380.222
1991465.0,1567412380.262
1990941.0,1567412380.304
1990880.0,1567412380.342
1990754.0,1567412380.382
1991361.0,1567412380.424
1991921.0,1567412380.463
1992766.0,1567412380.503
1993821.0,1567412380.544
1994718.0,1567412380.583
1995657.0,1567412380.623
1997182.0,1567412380.664
1997467.0,1567412380.704
1996000.0,1567412380.743
1994292.0,1567412380.784
1993221.0,1567412380.823
1992451.0,1567412380.863
1991522.0,1567412380.905
1991355.0,1567412380.944
1991134.0,1567412380.984
1990954.0,1567412381.025
1990906.0,1567412381.064
1991232.0,1567412381.105
1991605.0,1567412381.145
1992349.0,1567412381.184
1993355.0,1567412381.224
1994330.0,1567412381.265
1995498.0,1567412381.305
1996489.0,1567412381.345
1997657.0,1567412381.386
1999044.0,1567412381.425
1999264.0,1567412381.465
1998397.0,1567412381.507
1997770.0,1567412381.545
1997646.0,1567412381.585
1997499.0,1567412381.626
1997423.0,1567412381.665
1998029.0,1567412381.706
1998648.0,1567412381.746
1999030.0,1567412381.785
1999872.0,1567412381.826
2000388.0,1567412381.867
2001155.0,1567412381.906
2001448.0,1567412381.946
2001991.0,1567412381.987
2003175.0,1567412382.026
2004248.0,1567412382.066
2006250.0,1567412382.108
2007516.0,1567412382.146
2009164.0,1567412382.186
2009741.0,1567412382.228
2009648.0,1567412382.267
2011446.0,1567412382.307
2012762.0,1567412382.348
2015283.0,1567412382.387
2018263.0,1567412382.427
2017857.0,1567412382.468
2013721.0,1567412382.508
2007871.0,1567412382.547
2003958.0,1567412382.588
2001482.0,1567412382.627
1998382.0,1567412382.667
1996239.0,1567412382.709
1995083.0,1567412382.747
1994146.0,1567412382.788
1993621.0,1567412382.829
1993444.0,1567412382.868
1992937.0,1567412382.908
1992921.0,1567412382.949
1991690.0,1567412382.988
1989534.0,1567412383.028
1987578.0,1567412383.069
1986220.0,1567412383.109
1984830.0,1567412383.148
1983965.0,1567412383.189
1983544.0,1567412383.228
1982806.0,1567412383.268
1981825.0,1567412383.31
1981561.0,1567412383.348
1981378.0,1567412383.39
1981466.0,1567412383.43
1982132.0,1567412383.469
1982669.0,1567412383.51
1983357.0,1567412383.55
1984053.0,1567412383.589
1984675.0,1567412383.629
1985660.0,1567412383.67
1985728.0,1567412383.71
1983919.0,1567412383.749
1982473.0,1567412383.79
1981406.0,1567412383.829
1980256.0,1567412383.869
1979593.0,1567412383.911
1979474.0,1567412383.95
1979561.0,1567412383.99
1979275.0,1567412384.031
1980014.0,1567412384.07
1980956.0,1567412384.111
1982517.0,1567412384.151
1984571.0,1567412384.19
1987338.0,1567412384.23
1989481.0,1567412384.271
1991704.0,1567412384.311
1994464.0,1567412384.35
1996963.0,1567412384.391
1999135.0,1567412384.431
2001114.0,1567412384.471
2002324.0,1567412384.512
2005037.0,1567412384.551
2008988.0,1567412384.591
2013535.0,1567412384.632
2017945.0,1567412384.671
2022201.0,1567412384.712
2027612.0,1567412384.752
2034092.0,1567412384.791
2036899.0,1567412384.831
2036149.0,1567412384.872
2031723.0,1567412384.912
2031042.0,1567412384.951
2030703.0,1567412384.993
2029166.0,1567412385.032
2028213.0,1567412385.072
2028224.0,1567412385.114
2027714.0,1567412385.152
2027135.0,1567412385.192
2025856.0,1567412385.233
2023555.0,1567412385.272
2021703.0,1567412385.313
2019719.0,1567412385.353
2018407.0,1567412385.392
2017031.0,1567412385.432
2016364.0,1567412385.474
2015716.0,1567412385.514
2015236.0,1567412385.553
2014692.0,1567412385.594
2014213.0,1567412385.633
2014282.0,1567412385.673
2014388.0,1567412385.715
2014599.0,1567412385.753
2014785.0,1567412385.793
2015487.0,1567412385.834
2015829.0,1567412385.873
2016387.0,1567412385.914
2016588.0,1567412385.954
2015114.0,1567412385.994
2013486.0,1567412386.034
2011834.0,1567412386.075
2010714.0,1567412386.114
2009950.0,1567412386.154
2009523.0,1567412386.195
2008923.0,1567412386.234
2008413.0,1567412386.274
2008437.0,1567412386.316
2007872.0,1567412386.354
2007803.0,1567412386.394
2007698.0,1567412386.436
2008313.0,1567412386.474
2009116.0,1567412386.515
2010368.0,1567412386.556
2011437.0,1567412386.595
2012958.0,1567412386.635
2014492.0,1567412386.676
2014610.0,1567412386.716
2013256.0,1567412386.755
2012866.0,1567412386.796
2012686.0,1567412386.835
2013510.0,1567412386.875
2014098.0,1567412386.917
2014304.0,1567412386.955
2014284.0,1567412386.995
2014344.0,1567412387.037
2015024.0,1567412387.076
2015607.0,1567412387.116
2016957.0,1567412387.157
2019149.0,1567412387.196
2020501.0,1567412387.236
2021174.0,1567412387.277
2021626.0,1567412387.317
2022554.0,1567412387.356
2024798.0,1567412387.397
2026900.0,1567412387.436
2028277.0,1567412387.476
2027660.0,1567412387.518
2032172.0,1567412387.557
2032935.0,1567412387.597
2029627.0,1567412387.638
2024385.0,1567412387.677
2020281.0,1567412387.718
2015617.0,1567412387.758
2011511.0,1567412387.797
2009178.0,1567412387.837
2007208.0,1567412387.878
2004643.0,1567412387.918
2002980.0,1567412387.957
2001396.0,1567412387.999
2000020.0,1567412388.038
1999173.0,1567412388.078
1998072.0,1567412388.119
1996290.0,1567412388.158
1992922.0,1567412388.198
1989618.0,1567412388.239
1986680.0,1567412388.278
1983961.0,1567412388.319
1981982.0,1567412388.364
1980829.0,1567412388.404
1979292.0,1567412388.443
1977952.0,1567412388.484
1977081.0,1567412388.524
1976423.0,1567412388.564
1975847.0,1567412388.605
1975506.0,1567412388.644
1975440.0,1567412388.684
1975272.0,1567412388.726
1975035.0,1567412388.764
1975070.0,1567412388.804
1975716.0,1567412388.845
1975868.0,1567412388.884
1974188.0,1567412388.925
1972122.0,1567412388.965
1970998.0,1567412389.004
1970018.0,1567412389.044
1969825.0,1567412389.085
1969708.0,1567412389.125
1969979.0,1567412389.165
1970133.0,1567412389.206
1970710.0,1567412389.245
1970854.0,1567412389.285
1972007.0,1567412389.327
1972936.0,1567412389.365
1975162.0,1567412389.405
1978624.0,1567412389.446
1982932.0,1567412389.485
1987572.0,1567412389.526
1993212.0,1567412389.567
1999676.0,1567412389.606
2004232.0,1567412389.646
2009182.0,1567412389.687
2011774.0,1567412389.726
2012312.0,1567412389.766
2010288.0,1567412389.807
2007038.0,1567412389.846
2004685.0,1567412389.886
2002556.0,1567412389.928
2001638.0,1567412389.966
1999319.0,1567412390.087
1998404.0,1567412390.288
1998257.0,1567412390.328
1997381.0,1567412390.367
1994978.0,1567412390.409
1992487.0,1567412390.447
1990966.0,1567412390.487
1990161.0,1567412390.529
1989845.0,1567412390.568
1990332.0,1567412390.608
1998632.0,1567412390.247
1990599.0,1567412390.649
2001199.0,1567412390.006
1990967.0,1567412390.688
1999904.0,1567412390.048
1991699.0,1567412390.729
1999013.0,1567412390.168
1999454.0,1567412390.127
1998742.0,1567412390.207
1993644.0,1567412390.769
1995346.0,1567412390.808
1999404.0,1567412390.889
1997410.0,1567412390.848
2002116.0,1567412390.929
2006206.0,1567412391.01
2010023.0,1567412391.089
2009024.0,1567412391.169
2008353.0,1567412391.209
2009822.0,1567412391.131
2007498.0,1567412391.25
2004359.0,1567412390.968
2008653.0,1567412391.049
2006969.0,1567412391.289
2006562.0,1567412391.33
2006363.0,1567412391.371
2006369.0,1567412391.41
2006452.0,1567412391.45
2006949.0,1567412391.491
2007593.0,1567412391.531
2008779.0,1567412391.57
2009983.0,1567412391.611
2011716.0,1567412391.65
2013517.0,1567412391.69
2015257.0,1567412391.732
2017150.0,1567412391.77
2019430.0,1567412391.81
2020345.0,1567412391.851
2019985.0,1567412391.891
2019349.0,1567412391.931
2019094.0,1567412391.972
2018958.0,1567412392.011
2019249.0,1567412392.051
2020549.0,1567412392.092
2021353.0,1567412392.132
2022460.0,1567412392.171
2023736.0,1567412392.212
2025730.0,1567412392.251
2027624.0,1567412392.291
2029216.0,1567412392.333
2030516.0,1567412392.372
2032569.0,1567412392.412
2034724.0,1567412392.453
2036977.0,1567412392.492
2039073.0,1567412392.533
2042540.0,1567412392.573
2046735.0,1567412392.612
2047577.0,1567412392.652
2048138.0,1567412392.693
2053314.0,1567412392.733
2052204.0,1567412392.773
2046720.0,1567412392.814
2043652.0,1567412392.853
2041704.0,1567412392.893
2039690.0,1567412392.935
2038626.0,1567412392.973
2037531.0,1567412393.013
2036476.0,1567412393.054
2035554.0,1567412393.093
2035340.0,1567412393.134
2035588.0,1567412393.175
2035348.0,1567412393.214
2035349.0,1567412393.254
2036522.0,1567412393.295
2037376.0,1567412393.335
2037501.0,1567412393.374
2036586.0,1567412393.415
2035024.0,1567412393.454
2034052.0,1567412393.494
2033252.0,1567412393.536
2032619.0,1567412393.575
2032721.0,1567412393.615
2032714.0,1567412393.656
2032657.0,1567412393.695
2032368.0,1567412393.736
2032555.0,1567412393.776
2032973.0,1567412393.815
2033277.0,1567412393.855
2033860.0,1567412393.897
2034565.0,1567412393.936
2035200.0,1567412393.976
2036066.0,1567412394.017
2036854.0,1567412394.056
2037502.0,1567412394.096
2037635.0,1567412394.138
2036064.0,1567412394.176
2034798.0,1567412394.216
2033645.0,1567412394.257
2032852.0,1567412394.296
2031796.0,1567412394.337
2031502.0,1567412394.378
2031227.0,1567412394.418
2031351.0,1567412394.457
2032110.0,1567412394.498
2033434.0,1567412394.538
2034689.0,1567412394.577
2035825.0,1567412394.618
2037335.0,1567412394.657
2040496.0,1567412394.697
2043911.0,1567412394.739
2047616.0,1567412394.778
2048910.0,1567412394.818
2052684.0,1567412394.859
2052635.0,1567412394.898
2049232.0,1567412394.939
2046967.0,1567412394.979
2044338.0,1567412395.018
2041512.0,1567412395.058
2039171.0,1567412395.1
2038151.0,1567412395.139
2036617.0,1567412395.179
2034784.0,1567412395.22
2034262.0,1567412395.259
2033874.0,1567412395.299
2033319.0,1567412395.341
2033056.0,1567412395.379
2033057.0,1567412395.419
2033224.0,1567412395.46
2033319.0,1567412395.499
2033473.0,1567412395.54
2032532.0,1567412395.58
2030087.0,1567412395.619
2027797.0,1567412395.659
2025930.0,1567412395.701
2024276.0,1567412395.74
2022815.0,1567412395.78
2022117.0,1567412395.821
2021256.0,1567412395.86
2020302.0,1567412395.9
2019988.0,1567412395.942
2019682.0,1567412395.98
2019608.0,1567412396.02
2019803.0,1567412396.061
2019945.0,1567412396.1
2020082.0,1567412396.141
2020614.0,1567412396.181
2020943.0,1567412396.22
2021436.0,1567412396.26
2021604.0,1567412396.301
2020029.0,1567412396.341
2018073.0,1567412396.381
2016599.0,1567412396.422
2015283.0,1567412396.461
2014572.0,1567412396.501
2014493.0,1567412396.543
2015355.0,1567412396.581
2015997.0,1567412396.621
2016637.0,1567412396.662
2017876.0,1567412396.701
2018891.0,1567412396.742
2020340.0,1567412396.782
2021820.0,1567412396.821
2023550.0,1567412396.861
2025948.0,1567412396.903
2028601.0,1567412396.942
2030666.0,1567412396.982
2031622.0,1567412397.023
2031754.0,1567412397.062
2030793.0,1567412397.102
2030566.0,1567412397.144
2032462.0,1567412397.182
2035414.0,1567412397.222
2035590.0,1567412397.263
2037752.0,1567412397.302
2039839.0,1567412397.343
2035847.0,1567412397.383
2023907.0,1567412397.463
2029073.0,1567412397.422
2019660.0,1567412397.504
2016782.0,1567412397.543
2013695.0,1567412397.583
2011748.0,1567412397.624
2009267.0,1567412397.663
2007006.0,1567412397.703
2005396.0,1567412397.745
2003314.0,1567412397.783
1999209.0,1567412397.823
1995454.0,1567412397.864
1991813.0,1567412397.903
1988404.0,1567412397.944
1985594.0,1567412397.985
1983511.0,1567412398.024
1981758.0,1567412398.064
1979961.0,1567412398.105
1978686.0,1567412398.145
1977717.0,1567412398.184
1977311.0,1567412398.225
1976866.0,1567412398.264
1976364.0,1567412398.304
1976531.0,1567412398.346
1976554.0,1567412398.384
1976594.0,1567412398.425
1976749.0,1567412398.466
1976750.0,1567412398.505
1975950.0,1567412398.546
1973199.0,1567412398.586
1970186.0,1567412398.625
1967603.0,1567412398.665
1965335.0,1567412398.706
1963476.0,1567412398.746
1961803.0,1567412398.785
1960731.0,1567412398.826
1959470.0,1567412398.865
1958180.0,1567412398.906
1957916.0,1567412398.947
1958252.0,1567412398.986
1958579.0,1567412399.026
1959782.0,1567412399.067
1960925.0,1567412399.106
1962782.0,1567412399.147
1965062.0,1567412399.187
1966822.0,1567412399.226
1968300.0,1567412399.308
1968207.0,1567412399.266
1966513.0,1567412399.347
1964972.0,1567412399.387
1963390.0,1567412399.428
1961779.0,1567412399.467
1960645.0,1567412399.507
1959898.0,1567412399.549
1959514.0,1567412399.587
1959130.0,1567412399.627
1958456.0,1567412399.668
1959065.0,1567412399.707
1959594.0,1567412399.748
1960558.0,1567412399.788
1961396.0,1567412399.827
1962279.0,1567412399.867
1963097.0,1567412399.909
1964013.0,1567412399.948
1964874.0,1567412399.988
1965739.0,1567412400.029
1965628.0,1567412400.068
1963756.0,1567412400.108
1961914.0,1567412400.15
1960346.0,1567412400.188
1959084.0,1567412400.228
1957948.0,1567412400.269
1957474.0,1567412400.308
1957291.0,1567412400.349
1957167.0,1567412400.444
1957070.0,1567412400.483
1957009.0,1567412400.523
1957561.0,1567412400.564
1958253.0,1567412400.603
1959234.0,1567412400.643
1960203.0,1567412400.684
1960832.0,1567412400.723
1961728.0,1567412400.763
1963097.0,1567412400.805
1964020.0,1567412400.843
1964812.0,1567412400.883
1963323.0,1567412400.924
1961373.0,1567412400.963
1960172.0,1567412401.004
1958562.0,1567412401.045
1957339.0,1567412401.084
1956745.0,1567412401.124
1956683.0,1567412401.165
1956739.0,1567412401.204
1956303.0,1567412401.244
1956917.0,1567412401.285
1958385.0,1567412401.324
1960768.0,1567412401.364
1962389.0,1567412401.402
1964026.0,1567412401.437
1966307.0,1567412401.477
1968849.0,1567412401.519
1971428.0,1567412401.558
1974443.0,1567412401.599
1978228.0,1567412401.64
1981905.0,1567412401.679
1981631.0,1567412401.719
1981449.0,1567412401.76
1981298.0,1567412401.798
1981442.0,1567412401.838
1980933.0,1567412401.879
1979266.0,1567412401.918
1977330.0,1567412401.958
1975873.0,1567412402.0
1975226.0,1567412402.039
1974700.0,1567412402.079
1974866.0,1567412402.12
1975013.0,1567412402.159
1975323.0,1567412402.199
1976277.0,1567412402.24
1976601.0,1567412402.279
1977286.0,1567412402.319
1977957.0,1567412402.36
1978955.0,1567412402.4
1979331.0,1567412402.439
1977910.0,1567412402.481
1976219.0,1567412402.519
1974604.0,1567412402.56
1973455.0,1567412402.601
1972707.0,1567412402.64
1972150.0,1567412402.68
1972177.0,1567412402.719
1971485.0,1567412402.758
1971391.0,1567412402.799
1971129.0,1567412402.84
1971366.0,1567412402.879
1971883.0,1567412402.919
1972287.0,1567412402.961
1972678.0,1567412403.0
1973208.0,1567412403.04
1973976.0,1567412403.079
1974586.0,1567412403.118
1975069.0,1567412403.159
1976223.0,1567412403.201
1975675.0,1567412403.237
1973764.0,1567412403.274
1972517.0,1567412403.315
1971541.0,1567412403.354
1970358.0,1567412403.395
1969877.0,1567412403.436
1969602.0,1567412403.475
1969507.0,1567412403.515
1969162.0,1567412403.556
1969338.0,1567412403.596
1969920.0,1567412403.635
1970474.0,1567412403.676
1971006.0,1567412403.715
1971700.0,1567412403.755
1972342.0,1567412403.797
1973828.0,1567412403.836
1975349.0,1567412403.876
1977436.0,1567412403.917
1979025.0,1567412403.957
1981026.0,1567412403.997
1982684.0,1567412404.038
1986902.0,1567412404.078
1989437.0,1567412404.119
1993125.0,1567412404.16
1995490.0,1567412404.199
1993779.0,1567412404.239
1989170.0,1567412404.28
1985004.0,1567412404.319
1983080.0,1567412404.36
1981621.0,1567412404.402
1980369.0,1567412404.44
1979468.0,1567412404.481
1978519.0,1567412404.522
1978341.0,1567412404.561
1978154.0,1567412404.599
1977673.0,1567412404.639
1977285.0,1567412404.678
1977384.0,1567412404.718
1975346.0,1567412404.759
1972793.0,1567412404.799
1970745.0,1567412404.838
1968877.0,1567412404.879
1967185.0,1567412404.918
1965958.0,1567412404.958
1965062.0,1567412405.0
1964317.0,1567412405.039
1963539.0,1567412405.079
1963201.0,1567412405.12
1962930.0,1567412405.159
1963253.0,1567412405.2
1963639.0,1567412405.24
1963908.0,1567412405.279
1964437.0,1567412405.319
1965205.0,1567412405.361
1965677.0,1567412405.401
1966500.0,1567412405.44
1966540.0,1567412405.482
1965128.0,1567412405.521
1962929.0,1567412405.561
1961042.0,1567412405.603
1959745.0,1567412405.639
1958464.0,1567412405.68
1957951.0,1567412405.721
1958221.0,1567412405.76
1958153.0,1567412405.799
1958425.0,1567412405.834
1958778.0,1567412405.873
1959293.0,1567412405.913
1960297.0,1567412405.954
1961798.0,1567412405.994
1963417.0,1567412406.033
1965262.0,1567412406.075
1966717.0,1567412406.114
1968029.0,1567412406.154
1970536.0,1567412406.195
1972678.0,1567412406.234
1972713.0,1567412406.274
1972496.0,1567412406.315
1973041.0,1567412406.354
1975016.0,1567412406.395
1977674.0,1567412406.435
1981980.0,1567412406.474
1984346.0,1567412406.515
1985761.0,1567412406.553
1987217.0,1567412406.587
1987600.0,1567412406.623
1986505.0,1567412406.662
1986414.0,1567412406.701
1987188.0,1567412406.742
1987162.0,1567412406.784
1986526.0,1567412406.822
1986889.0,1567412406.861
1986951.0,1567412406.897
1987135.0,1567412406.936
1986274.0,1567412406.977
1982118.0,1567412407.057
1979066.0,1567412407.138
1980289.0,1567412407.097
1984084.0,1567412407.017
1978110.0,1567412407.178
1977069.0,1567412407.258
1977590.0,1567412407.217
1975590.0,1567412407.337
1976146.0,1567412407.297
1975323.0,1567412407.379
1975243.0,1567412407.417
1975708.0,1567412407.458
1976173.0,1567412407.499
1976790.0,1567412407.538
1977186.0,1567412407.579
1977896.0,1567412407.619
1978712.0,1567412407.658
1978623.0,1567412407.698
1976775.0,1567412407.739
1974766.0,1567412407.779
1972888.0,1567412407.818
1971471.0,1567412407.86
1970152.0,1567412407.899
1969195.0,1567412407.939
1968670.0,1567412407.981
1967914.0,1567412408.019
1967503.0,1567412408.059
1967215.0,1567412408.1
1967189.0,1567412408.139
1967651.0,1567412408.18
1968095.0,1567412408.22
1968775.0,1567412408.26
1969783.0,1567412408.3
1971329.0,1567412408.341
1973072.0,1567412408.38
1975257.0,1567412408.42
1976388.0,1567412408.461
1976745.0,1567412408.5
1977658.0,1567412408.54
1980162.0,1567412408.582
1984200.0,1567412408.62
1985524.0,1567412408.66
1989529.0,1567412408.701
1990388.0,1567412408.74
1985530.0,1567412408.781
1981310.0,1567412408.821
1978078.0,1567412408.86
1975084.0,1567412408.901
1972702.0,1567412408.942
1971533.0,1567412408.981
1970589.0,1567412409.021
1969424.0,1567412409.062
1968715.0,1567412409.101
1968431.0,1567412409.141
1967378.0,1567412409.183
1965148.0,1567412409.221
1962380.0,1567412409.261
1960101.0,1567412409.302
1957836.0,1567412409.341
1956605.0,1567412409.382
1954854.0,1567412409.423
1953823.0,1567412409.463
1952918.0,1567412409.502
1952275.0,1567412409.543
1951686.0,1567412409.583
1951733.0,1567412409.622
1952067.0,1567412409.663
1952631.0,1567412409.702
1952946.0,1567412409.742
1953002.0,1567412409.784
1953516.0,1567412409.822
1954200.0,1567412409.862
1954782.0,1567412409.904
1954982.0,1567412409.943
1953305.0,1567412409.983
1951187.0,1567412410.024
1949958.0,1567412410.063
1948680.0,1567412410.103
1947731.0,1567412410.144
1947188.0,1567412410.184
1946778.0,1567412410.223
1946344.0,1567412410.264
1945615.0,1567412410.303
1945901.0,1567412410.343
1946286.0,1567412410.385
1947520.0,1567412410.424
1949145.0,1567412410.464
1951233.0,1567412410.505
1953329.0,1567412410.544
1956303.0,1567412410.585
1958640.0,1567412410.625
1960549.0,1567412410.664
1960795.0,1567412410.704
1960791.0,1567412410.745
1960736.0,1567412410.785
1960743.0,1567412410.825
1960786.0,1567412410.866
1961215.0,1567412410.905
1962069.0,1567412410.945
1962893.0,1567412410.987
1963501.0,1567412411.025
1964568.0,1567412411.065
1965888.0,1567412411.106
1967269.0,1567412411.145
1968546.0,1567412411.186
1970082.0,1567412411.226
1971411.0,1567412411.266
1972993.0,1567412411.305
1974547.0,1567412411.345
1976000.0,1567412411.384
1976201.0,1567412411.423
1974788.0,1567412411.46
1973569.0,1567412411.499
1973447.0,1567412411.539
1973467.0,1567412411.581
1974008.0,1567412411.619
1975894.0,1567412411.659
1980320.0,1567412411.7
1983305.0,1567412411.74
1986631.0,1567412411.78
1992583.0,1567412411.821
1992206.0,1567412411.86
1987210.0,1567412411.9
1983222.0,1567412411.941
1980028.0,1567412411.981
1976470.0,1567412412.02
1974079.0,1567412412.061
1971808.0,1567412412.101
1970329.0,1567412412.141
1966634.0,1567412412.184
1962739.0,1567412412.222
1959078.0,1567412412.263
1955995.0,1567412412.304
1953125.0,1567412412.344
1950746.0,1567412412.385
1948480.0,1567412412.424
1946625.0,1567412412.463
1944380.0,1567412412.502
1942598.0,1567412412.541
1941515.0,1567412412.58
1940607.0,1567412412.619
1939873.0,1567412412.658
1939476.0,1567412412.697
1939363.0,1567412412.736
1939351.0,1567412412.775
1939485.0,1567412412.814
1939666.0,1567412412.853
1939232.0,1567412412.892
1937376.0,1567412412.931
1934909.0,1567412412.97
1933156.0,1567412413.009
1931839.0,1567412413.048
1930452.0,1567412413.087
1929712.0,1567412413.126
1929291.0,1567412413.165
1928463.0,1567412413.204
1927928.0,1567412413.243
1927740.0,1567412413.282
1927909.0,1567412413.321
1927928.0,1567412413.36
1928327.0,1567412413.399
1929785.0,1567412413.477
1931374.0,1567412413.516
1932572.0,1567412413.555
1933664.0,1567412413.594
1934504.0,1567412413.633
1934551.0,1567412413.672
1935250.0,1567412413.711
1936092.0,1567412413.75
1937031.0,1567412413.789
1928728.0,1567412413.438
1938402.0,1567412413.828
1940008.0,1567412413.867
1941332.0,1567412413.906
1942363.0,1567412413.945
1943710.0,1567412413.984
1946425.0,1567412414.062
1947763.0,1567412414.101
1949044.0,1567412414.14
1944916.0,1567412414.023
1950112.0,1567412414.179
1951150.0,1567412414.218
1952013.0,1567412414.257
1952822.0,1567412414.296
1952029.0,1567412414.335
1950006.0,1567412414.374
1948764.0,1567412414.413
1947782.0,1567412414.452
1946654.0,1567412414.491
1946030.0,1567412414.53
1945858.0,1567412414.569
1945809.0,1567412414.608
1945491.0,1567412414.647
1945374.0,1567412414.686
1945820.0,1567412414.725
1946547.0,1567412414.764
1947318.0,1567412414.803
1948296.0,1567412414.842
1949068.0,1567412414.881
1951101.0,1567412414.959
1952181.0,1567412415.037
1949276.0,1567412415.115
1947967.0,1567412415.154
1950136.0,1567412414.92
1952285.0,1567412414.998
1950466.0,1567412415.076
1947140.0,1567412415.193
1946617.0,1567412415.232
1946700.0,1567412415.271
1946376.0,1567412415.31
1946457.0,1567412415.349
1946325.0,1567412415.388
1946568.0,1567412415.427
1947028.0,1567412415.466
1947672.0,1567412415.505
1948463.0,1567412415.544
1949281.0,1567412415.583
1950216.0,1567412415.622
1951156.0,1567412415.661
1952134.0,1567412415.7
1952581.0,1567412415.739
1951243.0,1567412415.778
1949440.0,1567412415.817
1948566.0,1567412415.856
1947364.0,1567412415.895
1946808.0,1567412415.934
1946848.0,1567412415.973
1947271.0,1567412416.012
1947922.0,1567412416.051
1948507.0,1567412416.09
1949470.0,1567412416.129
1951090.0,1567412416.168
1953664.0,1567412416.207
1957190.0,1567412416.246
1962105.0,1567412416.285
1964249.0,1567412416.324
1967931.0,1567412416.363
1970790.0,1567412416.402
1969989.0,1567412416.441
1967936.0,1567412416.48
1964283.0,1567412416.519
1959834.0,1567412416.558
1956185.0,1567412416.597
1954016.0,1567412416.636
1952262.0,1567412416.675
1951398.0,1567412416.714
1950496.0,1567412416.753
1950032.0,1567412416.792
1949848.0,1567412416.831
1949787.0,1567412416.87
1949716.0,1567412416.909
1950257.0,1567412416.948
1951004.0,1567412416.987
1951851.0,1567412417.026
1952444.0,1567412417.065
1953192.0,1567412417.104
1954191.0,1567412417.143
1953708.0,1567412417.182
1951916.0,1567412417.221
1950692.0,1567412417.26
1949631.0,1567412417.299
1948902.0,1567412417.338
1948379.0,1567412417.377
1948228.0,1567412417.416
1948143.0,1567412417.455
1948067.0,1567412417.494
1948217.0,1567412417.533
1948461.0,1567412417.572
1948923.0,1567412417.611
1948923.0,1567412417.65
1949506.0,1567412417.689
1950278.0,1567412417.728
1951160.0,1567412417.767
1951801.0,1567412417.806
1952533.0,1567412417.845
1953309.0,1567412417.884
1952669.0,1567412417.923
1950802.0,1567412417.962
1949621.0,1567412418.001
1949067.0,1567412418.04
1948442.0,1567412418.079
1948789.0,1567412418.118
1949463.0,1567412418.157
1949931.0,1567412418.196
1950507.0,1567412418.235
1951165.0,1567412418.274
1951938.0,1567412418.313
1952936.0,1567412418.352
1954040.0,1567412418.391
1954959.0,1567412418.43
1955946.0,1567412418.469
1957073.0,1567412418.508
1958293.0,1567412418.547
1959563.0,1567412418.586
1959316.0,1567412418.625
1957421.0,1567412418.664
1955597.0,1567412418.703
1954215.0,1567412418.742
1953275.0,1567412418.781
1952340.0,1567412418.82
1952224.0,1567412418.859
1951945.0,1567412418.898
1951696.0,1567412418.937
1951654.0,1567412418.976
1951671.0,1567412419.015
1952422.0,1567412419.054
1953274.0,1567412419.093
1954014.0,1567412419.132
1954950.0,1567412419.171
1956211.0,1567412419.211
1957082.0,1567412419.251
1958261.0,1567412419.291
1959561.0,1567412419.331
1959284.0,1567412419.371
1957680.0,1567412419.411
1956569.0,1567412419.451
1955962.0,1567412419.491
1955433.0,1567412419.531
1955348.0,1567412419.571
1955320.0,1567412419.611
1955497.0,1567412419.651
1955616.0,1567412419.691
1956094.0,1567412419.731
1956619.0,1567412419.771
1957607.0,1567412419.811
1958644.0,1567412419.851
1959637.0,1567412419.891
1960784.0,1567412419.931
1961873.0,1567412419.971
1963053.0,1567412420.011
1964272.0,1567412420.051
1964909.0,1567412420.091
1963651.0,1567412420.131
1962445.0,1567412420.171
1961645.0,1567412420.211
1960932.0,1567412420.251
1960560.0,1567412420.291
1960659.0,1567412420.331
1960567.0,1567412420.371
1959679.0,1567412420.411
1959400.0,1567412420.451
1959582.0,1567412420.491
1960303.0,1567412420.531
1961003.0,1567412420.571
1962685.0,1567412420.611
1965409.0,1567412420.651
1969915.0,1567412420.691
1976542.0,1567412420.731
1979835.0,1567412420.771
1984545.0,1567412420.811
1984346.0,1567412420.851
1978844.0,1567412420.891
1972908.0,1567412420.931
1967770.0,1567412420.971
1962826.0,1567412421.011
1958397.0,1567412421.051
1955066.0,1567412421.091
1951727.0,1567412421.131
1948640.0,1567412421.171
1946144.0,1567412421.211
1944068.0,1567412421.251
1942552.0,1567412421.291
1940777.0,1567412421.331
1939097.0,1567412421.371
1937753.0,1567412421.411
1936633.0,1567412421.451
1935715.0,1567412421.491
1935715.0,1567412421.531
1934442.0,1567412421.571
1932550.0,1567412421.611
1929285.0,1567412421.651
1926584.0,1567412421.691
1924156.0,1567412421.731
1922223.0,1567412421.771
1920855.0,1567412421.811
1919632.0,1567412421.851
1918376.0,1567412421.891
1917316.0,1567412421.931
1916679.0,1567412421.971
1916292.0,1567412422.011
1916288.0,1567412422.051
1916426.0,1567412422.091
1916535.0,1567412422.131
1916735.0,1567412422.171
1917005.0,1567412422.211
1917746.0,1567412422.251
1918259.0,1567412422.291
1918265.0,1567412422.331
1916714.0,1567412422.371
1914687.0,1567412422.411
1913462.0,1567412422.451
1912960.0,1567412422.491
1913075.0,1567412422.531
1913588.0,1567412422.571
1915068.0,1567412422.611
1916246.0,1567412422.651
1918260.0,1567412422.691
1920435.0,1567412422.731
1922645.0,1567412422.771
1925202.0,1567412422.811
1928807.0,1567412422.851
1933968.0,1567412422.891
1941814.0,1567412422.931
1947048.0,1567412422.971
1952728.0,1567412423.011
1957218.0,1567412423.051
1955346.0,1567412423.091
1951119.0,1567412423.131
1946776.0,1567412423.171
1942657.0,1567412423.211
1939726.0,1567412423.251
1937763.0,1567412423.291
1936328.0,1567412423.331
1934707.0,1567412423.371
1933463.0,1567412423.411
1932539.0,1567412423.451
1932327.0,1567412423.491
1932514.0,1567412423.531
1932577.0,1567412423.571
1932959.0,1567412423.611
1933287.0,1567412423.651
1933533.0,1567412423.691
1934010.0,1567412423.731
1934709.0,1567412423.771
1934561.0,1567412423.811
1932505.0,1567412423.851
1930614.0,1567412423.891
1929234.0,1567412423.931
1927697.0,1567412423.971
1927697.0,1567412424.011
1926796.0,1567412424.051
1926622.0,1567412424.091
1926290.0,1567412424.131
1925785.0,1567412424.171
1925653.0,1567412424.211
1925568.0,1567412424.298
1926033.0,1567412424.338
1926456.0,1567412424.378
1927271.0,1567412424.419
1927794.0,1567412424.458
1928631.0,1567412424.498
1929524.0,1567412424.539
1930590.0,1567412424.578
1930965.0,1567412424.618
1930348.0,1567412424.66
1929011.0,1567412424.698
1928162.0,1567412424.731
1928455.0,1567412424.767
1928866.0,1567412424.803
1929634.0,1567412424.844
1931460.0,1567412424.884
1933261.0,1567412424.924
1935096.0,1567412424.964
1937251.0,1567412425.005
1939649.0,1567412425.045
1942030.0,1567412425.085
1943735.0,1567412425.126
1945246.0,1567412425.163
1946522.0,1567412425.203
1947897.0,1567412425.245
1949505.0,1567412425.284
1950844.0,1567412425.324
1951918.0,1567412425.365
1951059.0,1567412425.404
1949258.0,1567412425.445
1948147.0,1567412425.485
1947313.0,1567412425.524
1946894.0,1567412425.565
1946596.0,1567412425.606
1946681.0,1567412425.645
1946651.0,1567412425.685
1946827.0,1567412425.726
1947075.0,1567412425.765
1947758.0,1567412425.805
1948682.0,1567412425.847
1949837.0,1567412425.885
1950765.0,1567412425.925
1951721.0,1567412425.966
1952985.0,1567412426.005
1954337.0,1567412426.046
1955527.0,1567412426.084
1955730.0,1567412426.124
1954381.0,1567412426.164
1953531.0,1567412426.205
1953111.0,1567412426.245
1952739.0,1567412426.285
1952392.0,1567412426.326
1952721.0,1567412426.365
1953267.0,1567412426.404
1953183.0,1567412426.446
1953878.0,1567412426.484
1954366.0,1567412426.524
1955387.0,1567412426.566
1956171.0,1567412426.6
1957342.0,1567412426.64
1958521.0,1567412426.681
1959711.0,1567412426.72
1960651.0,1567412426.76
1962393.0,1567412426.841
1962218.0,1567412426.801
1960949.0,1567412426.88
1957674.0,1567412427.043
1959825.0,1567412426.922
1958960.0,1567412426.961
1958273.0,1567412427.001
1957589.0,1567412427.081
1957813.0,1567412427.121
1957434.0,1567412427.162
1958047.0,1567412427.242
1957929.0,1567412427.201
1959509.0,1567412427.322
1958809.0,1567412427.283
1960252.0,1567412427.363
1961115.0,1567412427.405
1961843.0,1567412427.445
1962918.0,1567412427.485
1963506.0,1567412427.525
1964678.0,1567412427.564
1963930.0,1567412427.605
1962453.0,1567412427.647
1960815.0,1567412427.685
1959877.0,1567412427.725
1959061.0,1567412427.767
1958263.0,1567412427.806
1958102.0,1567412427.844
1957592.0,1567412427.885
1957233.0,1567412427.924
1957151.0,1567412427.964
1957179.0,1567412428.005
1957788.0,1567412428.045
1958302.0,1567412428.084
1959079.0,1567412428.125
1960053.0,1567412428.164
1960686.0,1567412428.205
1961594.0,1567412428.246
1962792.0,1567412428.285
1963577.0,1567412428.325
1962911.0,1567412428.366
1961071.0,1567412428.405
1959908.0,1567412428.446
1958992.0,1567412428.486
1958482.0,1567412428.525
1958135.0,1567412428.566
1958105.0,1567412428.607
1957892.0,1567412428.647
1957864.0,1567412428.686
1958137.0,1567412428.728
1958756.0,1567412428.765
1959292.0,1567412428.805
1960217.0,1567412428.847
1961174.0,1567412428.886
1962219.0,1567412428.926
1963177.0,1567412428.967
1964273.0,1567412429.006
1965430.0,1567412429.047
1966198.0,1567412429.088
1965402.0,1567412429.125
1963906.0,1567412429.162
1963004.0,1567412429.203
1962572.0,1567412429.243
1962038.0,1567412429.282
1961865.0,1567412429.323
1962213.0,1567412429.363
1962199.0,1567412429.403
1962453.0,1567412429.445
1962923.0,1567412429.483
1964063.0,1567412429.523
1965001.0,1567412429.564
1966655.0,1567412429.603
1969024.0,1567412429.644
1971454.0,1567412429.684
1974626.0,1567412429.723
1977257.0,1567412429.764
1978994.0,1567412429.805
1980555.0,1567412429.845
1982134.0,1567412429.885
1986146.0,1567412429.927
1987109.0,1567412429.966
1990154.0,1567412430.005
1991649.0,1567412430.047
1989671.0,1567412430.086
1986614.0,1567412430.126
1983294.0,1567412430.167
1979909.0,1567412430.207
1977437.0,1567412430.248
1975741.0,1567412430.288
1974642.0,1567412430.327
1973283.0,1567412430.366
1972129.0,1567412430.407
1971355.0,1567412430.447
1970695.0,1567412430.48
1970292.0,1567412430.521
1968965.0,1567412430.56
1966195.0,1567412430.6
1963001.0,1567412430.642
1960469.0,1567412430.68
1958601.0,1567412430.72
1956637.0,1567412430.761
1955450.0,1567412430.8
1954710.0,1567412430.841
1953704.0,1567412430.882
1953018.0,1567412430.921
1952648.0,1567412430.961
1952561.0,1567412431.002
1952466.0,1567412431.042
1952698.0,1567412431.081
1953050.0,1567412431.122
1953609.0,1567412431.161
1954057.0,1567412431.203
1954450.0,1567412431.244
1955204.0,1567412431.283
1955269.0,1567412431.322
1953745.0,1567412431.36
1952012.0,1567412431.396
1950875.0,1567412431.437
1950168.0,1567412431.47
1949627.0,1567412431.507
1949240.0,1567412431.548
1949377.0,1567412431.589
1949224.0,1567412431.629
1950184.0,1567412431.668
1950764.0,1567412431.711
1952306.0,1567412431.75
1953746.0,1567412431.79
1955391.0,1567412431.832
1957217.0,1567412431.87
1958854.0,1567412431.91
1960090.0,1567412431.951
1962026.0,1567412431.99
1963526.0,1567412432.031
1965176.0,1567412432.072
1965028.0,1567412432.111
1964664.0,1567412432.151
1964591.0,1567412432.192
1965130.0,1567412432.232
1965224.0,1567412432.271
1966428.0,1567412432.312
1967437.0,1567412432.351
1968165.0,1567412432.391
1968990.0,1567412432.434
1969928.0,1567412432.473
1971271.0,1567412432.51
1973078.0,1567412432.549
1975012.0,1567412432.588
1976824.0,1567412432.629
1978618.0,1567412432.67
1981069.0,1567412432.709
1985882.0,1567412432.749
1991117.0,1567412432.79
1994771.0,1567412432.83
1996397.0,1567412432.868
1998528.0,1567412432.909
1995312.0,1567412432.939
1995312.0,1567412432.979
1988633.0,1567412433.021
1982856.0,1567412433.059
1978241.0,1567412433.099
1974292.0,1567412433.141
1970930.0,1567412433.18
1967940.0,1567412433.22
1964934.0,1567412433.261
1963004.0,1567412433.3
1960993.0,1567412433.34
1959617.0,1567412433.381
1958408.0,1567412433.421
1957689.0,1567412433.46
1957335.0,1567412433.502
1957631.0,1567412433.541
1957707.0,1567412433.581
1957834.0,1567412433.622
1956588.0,1567412433.662
1954565.0,1567412433.7
1953124.0,1567412433.734
1952374.0,1567412433.773
1951198.0,1567412433.811
1950210.0,1567412433.848
1949908.0,1567412433.888
1949174.0,1567412433.928
1948802.0,1567412433.969
1948216.0,1567412434.009
1948403.0,1567412434.049
1948467.0,1567412434.09
1949012.0,1567412434.129
1949550.0,1567412434.166
1949905.0,1567412434.207
1950459.0,1567412434.246
1951055.0,1567412434.287
1951867.0,1567412434.327
1952489.0,1567412434.366
1951341.0,1567412434.407
1949703.0,1567412434.448
1948121.0,1567412434.486
1947014.0,1567412434.527
1946200.0,1567412434.568
1946289.0,1567412434.607
1947074.0,1567412434.646
1947783.0,1567412434.688
1948576.0,1567412434.727
1950264.0,1567412434.767
1951512.0,1567412434.808
1953146.0,1567412434.847
1955394.0,1567412434.888
1956528.0,1567412434.93
1957887.0,1567412434.968
1959303.0,1567412435.009
1960921.0,1567412435.049
1962879.0,1567412435.089
1963656.0,1567412435.129
1962530.0,1567412435.17
1961094.0,1567412435.21
1960432.0,1567412435.25
1959467.0,1567412435.291
1958454.0,1567412435.328
1958179.0,1567412435.368
1957983.0,1567412435.41
1957546.0,1567412435.449
1957268.0,1567412435.489
1957485.0,1567412435.523
1957615.0,1567412435.562
1958245.0,1567412435.603
1958864.0,1567412435.643
1959599.0,1567412435.683
1960761.0,1567412435.723
1961656.0,1567412435.764
1962885.0,1567412435.803
1963839.0,1567412435.843
1963940.0,1567412435.884
1962593.0,1567412435.923
1961371.0,1567412435.963
1960419.0,1567412436.005
1959522.0,1567412436.043
1959165.0,1567412436.084
1959156.0,1567412436.125
1959191.0,1567412436.164
1959051.0,1567412436.205
1959315.0,1567412436.244
1959684.0,1567412436.283
1960340.0,1567412436.322
1960987.0,1567412436.361
1961759.0,1567412436.4
1962718.0,1567412436.439
1963601.0,1567412436.478
1964534.0,1567412436.517
1965251.0,1567412436.556
1966057.0,1567412436.595
1965465.0,1567412436.634
1963901.0,1567412436.673
1962505.0,1567412436.712
1962505.0,1567412436.751
1960571.0,1567412436.829
1961417.0,1567412436.79
1959846.0,1567412436.868
1960090.0,1567412436.907
1959810.0,1567412436.946
1959875.0,1567412436.985
1959844.0,1567412437.024
1961081.0,1567412437.102
1960378.0,1567412437.063
1962290.0,1567412437.141
1964746.0,1567412437.219
1966189.0,1567412437.258
1971282.0,1567412437.375
1969495.0,1567412437.336
1963338.0,1567412437.18
1967596.0,1567412437.297
1971298.0,1567412437.414
1970186.0,1567412437.453
1970179.0,1567412437.492
1970840.0,1567412437.531
1970853.0,1567412437.57
1971198.0,1567412437.609
1971807.0,1567412437.648
1972792.0,1567412437.687
1974424.0,1567412437.726
1977301.0,1567412437.765
1981237.0,1567412437.804
1985816.0,1567412437.882
1987423.0,1567412437.921
1983171.0,1567412437.843
1985753.0,1567412437.96
1982619.0,1567412437.999
1979712.0,1567412438.038
1977303.0,1567412438.077
1974963.0,1567412438.116
1972143.0,1567412438.155
1968971.0,1567412438.194
1965364.0,1567412438.233
1962792.0,1567412438.272
1961006.0,1567412438.311
1959704.0,1567412438.35
1958303.0,1567412438.389
1957183.0,1567412438.428
1956087.0,1567412438.467
1955726.0,1567412438.506
1955492.0,1567412438.545
1955165.0,1567412438.584
1955303.0,1567412438.623
1955665.0,1567412438.662
1955766.0,1567412438.701
1956303.0,1567412438.74
1957014.0,1567412438.779
1957598.0,1567412438.818
1957279.0,1567412438.857
1955760.0,1567412438.896
1953704.0,1567412438.935
1952341.0,1567412438.974
1951005.0,1567412439.013
1949786.0,1567412439.052
1949117.0,1567412439.091
1948658.0,1567412439.13
1948201.0,1567412439.169
1947780.0,1567412439.208
1947674.0,1567412439.247
1948637.0,1567412439.364
1947809.0,1567412439.286
1948243.0,1567412439.325
1949409.0,1567412439.403
1950046.0,1567412439.442
1951098.0,1567412439.481
1952414.0,1567412439.52
1953932.0,1567412439.559
1954447.0,1567412439.637
1954833.0,1567412439.598
1953795.0,1567412439.676
1953162.0,1567412439.715
1952747.0,1567412439.754
1952218.0,1567412439.793
1952449.0,1567412439.832
1952731.0,1567412439.871
1952956.0,1567412439.91
1952740.0,1567412439.949
1952883.0,1567412439.988
1952932.0,1567412440.027
1953236.0,1567412440.066
1953791.0,1567412440.105
1954901.0,1567412440.144
1955307.0,1567412440.183
1955980.0,1567412440.222
1957773.0,1567412440.339
1956701.0,1567412440.378
1955710.0,1567412440.417
1957679.0,1567412440.3
1956734.0,1567412440.261
1954100.0,1567412440.534
1953803.0,1567412440.573
1953626.0,1567412440.612
1954008.0,1567412440.651
1953615.0,1567412440.69
1954089.0,1567412440.729
1954435.0,1567412440.768
1955252.0,1567412440.807
1955969.0,1567412440.846
1957251.0,1567412440.885
1958089.0,1567412440.924
1959391.0,1567412440.963
1960370.0,1567412441.002
1961395.0,1567412441.041
1962553.0,1567412441.08
1962924.0,1567412441.119
1961799.0,1567412441.158
1960517.0,1567412441.197
1959553.0,1567412441.236
1958822.0,1567412441.275
1958567.0,1567412441.314
1958587.0,1567412441.353
1958341.0,1567412441.392
1958155.0,1567412441.431
1957754.0,1567412441.47
1958333.0,1567412441.509
1958522.0,1567412441.548
1959288.0,1567412441.587
1960242.0,1567412441.626
1960875.0,1567412441.665
1961910.0,1567412441.704
1963000.0,1567412441.743
1964401.0,1567412441.782
1965232.0,1567412441.821
1965018.0,1567412441.86
1964081.0,1567412441.899
1963604.0,1567412441.938
1963245.0,1567412441.977
1962523.0,1567412442.016
1961991.0,1567412442.055
1962348.0,1567412442.094
1961872.0,1567412442.172
1962031.0,1567412442.211
1954776.0,1567412440.456
1964293.0,1567412442.406
1965264.0,1567412442.484
1964905.0,1567412442.445
1966690.0,1567412442.562
1964501.0,1567412442.64
1962119.0,1567412442.679
1963239.0,1567412442.328
1966148.0,1567412442.523
1966433.0,1567412442.601
1962797.0,1567412442.289
1963647.0,1567412442.367
1962423.0,1567412442.133
1954776.0,1567412440.495
1959542.0,1567412442.718
1962173.0,1567412442.25
1957119.0,1567412442.757
1951454.0,1567412442.835
1946614.0,1567412442.913
1943553.0,1567412442.952
1941236.0,1567412442.991
1939347.0,1567412443.03
1937438.0,1567412443.069
1954179.0,1567412442.796
1935394.0,1567412443.108
1932554.0,1567412443.148
1930248.0,1567412443.188
1949230.0,1567412442.874
1928348.0,1567412443.228
1927053.0,1567412443.268
1925621.0,1567412443.308
1923353.0,1567412443.348
1918680.0,1567412443.388
1914642.0,1567412443.428
1910538.0,1567412443.468
1902307.0,1567412443.548
1906063.0,1567412443.508
1899548.0,1567412443.588
1897165.0,1567412443.628
1894384.0,1567412443.668
1892039.0,1567412443.708
1890453.0,1567412443.748
1888756.0,1567412443.788
1887710.0,1567412443.828
1887931.0,1567412443.868
1889067.0,1567412443.908
1889656.0,1567412443.948
1890733.0,1567412443.988
1892873.0,1567412444.028
1896202.0,1567412444.068
1897737.0,1567412444.108
1899971.0,1567412444.148
1902455.0,1567412444.188
1906175.0,1567412444.228
1910318.0,1567412444.268
1915915.0,1567412444.308
1922820.0,1567412444.348
1931530.0,1567412444.388
1940401.0,1567412444.428
1949250.0,1567412444.468
1957276.0,1567412444.508
1965192.0,1567412444.548
1971275.0,1567412444.588
1982973.0,1567412444.668
1988427.0,1567412444.708
1993444.0,1567412444.748
1998130.0,1567412444.788
1977302.0,1567412444.628
2002202.0,1567412444.828
2006354.0,1567412444.868
2009521.0,1567412444.908
2016447.0,1567412444.988
2012822.0,1567412444.948
2019772.0,1567412445.068
2019079.0,1567412445.028
2019270.0,1567412445.108
2019431.0,1567412445.148
2026493.0,1567412445.228
2021218.0,1567412445.188
2044798.0,1567412445.308
2054939.0,1567412445.388
2050577.0,1567412445.348
2058738.0,1567412445.428
2033367.0,1567412445.268
2062965.0,1567412445.468
2067843.0,1567412445.548
2065812.0,1567412445.588
2064016.0,1567412445.628
2061634.0,1567412445.668
2067362.0,1567412445.508
2061634.0,1567412445.708
2059785.0,1567412445.748
2058623.0,1567412445.788
2057995.0,1567412445.828
2056585.0,1567412445.868
2055605.0,1567412445.908
2054654.0,1567412445.948
2053713.0,1567412445.988
2053198.0,1567412446.028
2052248.0,1567412446.108
2052669.0,1567412446.068
2051670.0,1567412446.148
2051314.0,1567412446.188
2049193.0,1567412446.228
2045856.0,1567412446.268
2043031.0,1567412446.308
2040339.0,1567412446.348
2037974.0,1567412446.388
2036063.0,1567412446.428
2034847.0,1567412446.468
2033178.0,1567412446.508
2031593.0,1567412446.548
2030440.0,1567412446.588
2029301.0,1567412446.628
2028056.0,1567412446.708
2027295.0,1567412446.788
2027289.0,1567412446.828
2026782.0,1567412446.868
2024609.0,1567412446.908
2020936.0,1567412446.948
2014711.0,1567412447.028
2013956.0,1567412447.068
2019405.0,1567412447.188
2021450.0,1567412447.228
2022976.0,1567412447.268
2016417.0,1567412447.148
2025270.0,1567412447.308
2017234.0,1567412446.988
2028495.0,1567412446.668
2013071.0,1567412447.108
2027657.0,1567412447.348
2027598.0,1567412446.748
2033127.0,1567412447.428
2035382.0,1567412447.468
2038246.0,1567412447.508
2030304.0,1567412447.388
2040773.0,1567412447.548
2042062.0,1567412447.588
